-338216.468   108.291     0.00   10.49
-337927.184   106.482    -6.25   10.29
-337637.896   103.112   -11.65   10.79
-337348.603   100.509    -9.00   11.20
-337059.307    95.802   -16.27   11.03
-336770.006    91.172   -16.00   10.74
-336480.702    88.421    -9.51    9.74
-336191.393    85.569    -9.86    8.56
-335902.080    84.249    -4.56    7.90
-335612.763    83.112    -3.93    7.80
-335323.442    83.586     1.64    7.82
-335034.117    83.869     0.98    7.71
-334744.788    84.594     2.50    8.02
-334455.455    85.427     2.88    8.13
-334166.117    87.119     5.85    8.47
-333876.776    89.442     8.03    8.13
-333587.430    91.729     7.90    8.29
-333298.081    92.942     4.19    8.27
-333008.727    94.319     4.76    8.28
-332719.369    96.828     8.67   10.20
-332430.008    98.302     5.10   10.54
-332140.642    98.019    -0.98   10.39
-331851.271    99.009     3.42   10.56
-331561.897    98.716    -1.01   10.02
-331272.519   100.053     4.62   10.31
-330983.137   100.147     0.33    9.40
-330693.750   100.777     2.18    8.61
-330404.360   101.319     1.87    8.83
-330114.965   109.270    27.47   32.93
-329825.566   114.871    19.35   40.35
-329536.163   123.743    30.65   57.87
-329246.756   130.147    22.13   65.62
-328957.345   145.014    51.37   77.85
-328667.930   150.271    18.16   81.95
-328378.510   151.186     3.16   80.58
-328089.087   158.418    24.98   84.98
-327799.659   163.863    18.81   88.51
-327510.228   162.595    -4.38   81.14
-327220.792   158.930   -12.66   70.69
-326931.352   154.869   -14.03   63.00
-326641.908   153.631    -4.28   55.64
-326352.460   148.819   -16.62   47.97
-326063.007   145.586   -11.17   42.78
-325773.551   141.723   -13.35   33.90
-325484.090   137.188   -15.66   26.66
-325194.626   134.069   -10.77   22.32
-324905.157   129.778   -14.82   20.25
-324615.684   126.709   -10.60   17.99
-324326.207   124.498    -7.64   15.42
-324036.725   120.237   -14.72   12.14
-323747.240   116.440   -13.12    9.40
-323457.751   113.090   -11.57    8.80
-323168.257   110.836    -7.78    9.57
-322878.759   107.371   -11.97    8.76
-322589.257   104.992    -8.22    7.63
-322299.751   102.440    -8.81    7.70
-322010.241    99.942    -8.63    7.27
-321720.727    97.923    -6.97    6.50
-321431.208    96.853    -3.70    7.19
-321141.685    96.009    -2.91    8.04
-320852.159    93.371    -9.11    8.24
-320562.628    91.991    -4.76    7.95
-320273.092    90.086    -6.58    6.38
-319983.553    88.432    -5.71    5.99
-319694.010    86.766    -5.76    5.65
-319404.462    85.574    -4.12    5.68
-319114.910    84.540    -3.57    5.03
-318825.354    83.255    -4.44    4.92
-318535.794    81.223    -7.02    4.23
-318246.230    79.992    -4.25    3.79
-317956.662    79.336    -2.26    4.07
-317667.089    79.512     0.61    7.79
-317377.512    78.603    -3.14    7.81
-317087.931    77.869    -2.53    9.07
-316798.346    76.399    -5.08    7.69
-316508.757    74.869    -5.28    6.23
-316219.164    72.909    -6.77    3.00
-315929.566    72.150    -2.62    2.86
-315639.964    71.147    -3.46    3.29
-315350.358    70.451    -2.40    3.55
-315060.748    69.130    -4.56    2.63
-314771.134    68.337    -2.74    3.14
-314481.515    68.475     0.48    6.44
-314191.893    67.469    -3.47    6.89
-313902.266    67.500     0.10    7.71
-313612.635    67.181    -1.10    8.54
-313323.000    65.769    -4.87    7.37
-313034.008    64.512    -4.35    6.41
-312745.268    63.957    -1.92    6.12
-312456.525    62.680    -4.42    5.41
-312167.777    61.703    -3.38    4.23
-311879.025    61.174    -1.83    3.86
-311590.269    60.605    -1.97    3.83
-311301.509    60.636     0.11    4.39
-311012.744    59.758    -3.04    3.82
-310723.976    59.270    -1.69    4.54
-310435.203    59.235    -0.12    4.61
-310146.426    58.869    -1.26    5.06
-309857.645    58.641    -0.79    5.59
-309568.859    58.957     1.09    6.10
-309280.070    59.795     2.90    6.64
-308991.276    60.957     4.03    6.27
-308702.478    61.910     3.30    6.61
-308413.676    63.254     4.65    6.49
-308124.870    64.078     2.85    6.05
-307836.060    64.888     2.81    6.04
-307547.245    65.699     2.81    6.55
-307258.426    65.910     0.73    7.24
-306969.603    65.026    -3.06    7.04
-306680.776    63.519    -5.22    6.99
-306391.945    63.095    -1.47    7.94
-306103.109    63.785     2.39    9.17
-305814.270    62.762    -3.54    9.29
-305525.426    62.302    -1.59    9.22
-305236.578    62.434     0.46    8.85
-304947.725    64.016     5.48    9.45
-304658.869    64.388     1.29   11.40
-304370.008    64.457     0.24   12.22
-304081.143    65.451     3.44   12.53
-303792.274    65.762     1.08   12.22
-303503.401    65.026    -2.55   12.30
-303214.523    64.069    -3.31   12.43
-302925.641    63.302    -2.65   12.06
-302636.755    61.136    -7.50    7.65
-302347.865    59.769    -4.73    6.00
-302058.971    58.723    -3.62    4.35
-301770.072    58.153    -1.97    4.15
-301481.169    57.846    -1.06    4.21
-301192.262    57.636    -0.73    4.01
-300903.351    57.319    -1.10    3.77
-300614.436    58.221     3.12    5.50
-300325.516    58.980     2.63    5.68
-300036.592    61.003     7.00    6.11
-299747.664    62.492     5.15    5.83
-299458.732    64.624     7.38    6.34
-299169.795    67.642    10.44    7.61
-298880.854    69.653     6.96    8.61
-298591.909    73.497    13.30   12.23
-298302.960    76.618    10.80   12.67
-298014.007    78.130     5.23   11.43
-297725.049    79.386     4.35   10.79
-297436.087    81.184     6.22    9.88
-297147.121    82.598     4.89    8.92
-296858.150    83.578     3.39    7.76
-296569.176    84.719     3.95    7.69
-296280.197    85.716     3.45    7.31
-295991.214    86.237     1.80    7.17
-295702.226    84.303    -6.69    6.47
-295413.235    83.303    -3.46    6.38
-295124.239    82.436    -3.00    6.24
-294835.239    83.595     4.01    7.93
-294546.234    84.903     4.52    8.59
-294257.226    87.078     7.53    9.18
-293968.213    89.674     8.98    8.08
-293679.196    92.319     9.15    7.95
-293390.174    95.269    10.20    8.00
-293101.149    96.543     4.41    7.26
-292812.119    97.197     2.26    8.58
-292523.085    97.959     2.64    9.16
-292234.046    99.053     3.78    8.83
-291945.004    99.336     0.98    8.66
-291655.957    98.794    -1.87    8.76
-291366.906    97.992    -2.77    9.19
-291077.850    96.172    -6.30    9.89
-290788.791    92.578   -12.43    8.19
-290499.727    90.106    -8.55    7.73
-290210.658    88.647    -5.05    6.94
-289921.586    87.794    -2.95    5.78
-289632.509    87.828     0.12    5.69
-289343.428    88.969     3.95    5.43
-289054.343    90.674     5.90    5.65
-288765.253    92.802     7.36    5.94
-288476.159    94.669     6.46    5.73
-288187.061    95.386     2.48    5.24
-287897.959    94.557    -2.87    6.26
-287608.852    92.811    -6.04    7.68
-287319.741    90.680    -7.37    8.24
-287030.626    88.532    -7.43    8.25
-286741.506    87.916    -2.13    7.49
-286452.382    89.953     7.04   10.39
-286163.254    92.623     9.23   11.24
-285874.122    96.045    11.84   11.41
-285584.985    98.286     7.75    9.97
-285295.844    98.036    -0.86   10.34
-285006.698    96.888    -3.97   11.21
-284717.549    93.630   -11.27   11.68
-284428.395    90.253   -11.68   10.78
-284139.237    87.370    -9.97    9.54
-283850.074    85.686    -5.82    7.19
-283560.907    85.302    -1.33    6.29
-283271.736    85.681     1.31    6.55
-282982.561    87.388     5.90    7.98
-282693.381    89.886     8.64    8.71
-282404.197    92.139     7.79    8.87
-282115.009    93.337     4.14    9.23
-281825.816    94.253     3.17    9.99
-281536.619    94.962     2.45   10.91
-281247.418    95.553     2.04   10.54
-280958.213    96.529     3.38   10.33
-280669.003    96.669     0.49    9.51
-280379.788    98.221     5.36    9.42
-280090.570    98.407     0.64    8.10
-279801.347    98.869     1.60    7.66
-279512.120    98.406    -1.60    6.84
-279222.888    97.910    -1.71    6.23
-278933.653    97.436    -1.64    5.91
-278644.413    97.065    -1.28    5.70
-278355.168    97.371     1.06    5.75
-278065.919    97.758     1.34    5.62
-277776.666    97.483    -0.95    5.27
-277487.409    96.836    -2.24    4.12
-277198.147    97.368     1.84    4.24
-276908.881    98.862     5.16    4.62
-276619.611    99.716     2.95    5.41
-276330.336   101.319     5.54    6.15
-276041.057   103.061     6.02    7.23
-275751.773   105.401     8.09    8.42
-275462.485   107.612     7.64    8.95
-275173.193   110.269     9.18    9.38
-274883.897   112.250     6.85    9.65
-274594.596   113.169     3.18    9.51
-274305.291   114.399     4.25    9.71
-274015.981   114.553     0.53    9.44
-273726.668   114.469    -0.29    8.55
-273437.349   114.065    -1.40    6.89
-273148.027   114.319     0.88    6.44
-272858.700   116.116     6.21    7.12
-272569.369   117.860     6.03    7.18
-272280.033   120.237     8.21    7.90
-271990.693   122.699     8.51    9.08
-271701.349   124.786     7.21    9.77
-271412.000   127.355     8.88   10.01
-271122.647   128.942     5.49   10.69
-270833.290   130.523     5.46   10.97
-270543.928   131.434     3.15   10.85
-270254.562   132.233     2.76   11.55
-269965.191   134.750     8.70   12.38
-269675.816   136.319     5.42   12.76
-269386.437   141.387    17.51   14.57
-269097.054   144.631    11.21   14.54
-268807.666   149.371    16.38   13.35
-268518.273   152.406    10.48   11.42
-268228.877   153.591     4.09   10.81
-267939.475   152.713    -3.03   11.34
-267650.070   151.399    -4.54   11.97
-267360.660   148.819    -8.91   12.14
-267071.246   144.403   -15.26   10.79
-266781.827   141.819    -8.93    8.95
-266492.404   142.069     0.86    9.04
-266202.977   141.540    -1.83    9.55
-265913.545   142.303     2.64    9.76
-265624.109   139.516    -9.63   10.92
-265334.668   137.871    -5.68   12.21
-265045.224   136.653    -4.21   12.04
-264755.774   135.043    -5.56   12.04
-264466.321   132.532    -8.67   11.87
-264176.862   132.386    -0.51   12.87
-263887.400   135.065     9.25   15.16
-263597.933   137.526     8.50   14.87
-263308.462   140.214     9.28   15.26
-263018.986   141.526     4.53   14.71
-262729.506   143.003     5.10   14.08
-262440.021   145.319     8.00   13.35
-262150.533   145.354     0.12   15.06
-261861.039   143.595    -6.07   16.28
-261571.541   144.253     2.27   17.29
-261282.039   142.133    -7.32   18.07
-260992.533   141.532    -2.07   18.83
-260703.022   141.095    -1.51   19.12
-260413.507   139.736    -4.69   18.48
-260123.987   139.009    -2.51   16.57
-259834.463   140.819     6.25   18.08
-259544.934   141.481     2.28   18.57
-259255.401   141.404    -0.26   18.99
-258965.863   138.303   -10.71   18.92
-258676.322   137.769    -1.84   18.10
-258386.775   137.903     0.46   18.86
-258097.225   140.199     7.93   19.68
-257807.670   141.500     4.49   20.30
-257518.110   142.319     2.83   20.56
-257228.546   142.472     0.53   19.90
-256938.978   141.630    -2.91   18.28
-256649.405   139.630    -6.91   17.11
-256359.827   137.959    -5.77   15.61
-256070.246   135.387    -8.88   13.94
-255780.660   133.287    -7.25   16.19
-255491.069   132.181    -3.82   16.26
-255201.474   127.699   -15.48   17.95
-254911.875   123.532   -14.38   20.98
-254622.271   118.014   -19.05   19.78
-254332.662   111.319   -23.12   17.34
-254043.049   103.552   -26.82   12.24
-253753.432    99.992   -12.29    8.49
-253463.811    97.903    -7.21    8.50
-253174.184    94.614   -11.35    8.80
-252884.554    91.997    -9.04    8.85
-252594.919    89.837    -7.46    8.27
-252305.279    87.819    -6.96    7.61
-252015.635    85.845    -6.82    7.08
-251725.987    84.153    -5.84    6.81
-251436.334    82.386    -6.10    6.57
-251146.677    82.589     0.70    7.46
-250857.450    83.503     3.16    9.73
-250568.747    85.933     8.42   12.23
-250280.039    91.913    20.71   21.35
-249991.327    95.285    11.68   21.37
-249702.610    99.762    15.51   23.42
-249413.889   101.862     7.27   22.29
-249125.164   102.869     3.49   21.61
-248836.434   102.492    -1.31   20.23
-248547.699   102.854     1.25   18.13
-248258.960   103.900     3.62   18.36
-247970.217   106.053     7.45   17.35
-247681.469   110.748    16.26   17.98
-247392.717   115.407    16.13   17.37
-247103.961   119.785    15.16   15.97
-246815.200   123.319    12.24   13.31
-246526.434   126.353    10.50    9.63
-246237.664   128.106     6.07    7.73
-245948.890   127.768    -1.17    6.82
-245660.111   126.486    -4.44    6.79
-245371.328   124.181    -7.98    6.72
-245082.540   123.336    -2.93    6.78
-244793.748   122.486    -2.94    6.93
-244504.951   122.303    -0.63    7.29
-244216.150   120.959    -4.65    7.32
-243927.345   119.457    -5.20    6.46
-243638.535   119.319    -0.48    7.14
-243349.720   118.647    -2.33    6.29
-243060.901   119.024     1.31    6.45
-242772.078   120.201     4.07    7.38
-242483.250   123.153    10.22    8.64
-242194.417   126.095    10.19    7.90
-241905.581   128.091     6.91    6.82
-241616.739   129.868     6.15    5.92
-241327.894   129.986     0.41    5.71
-241039.043   128.319    -5.77    7.02
-240750.189   125.336   -10.33   10.74
-240461.329   122.975    -8.18   11.08
-240172.466   120.086   -10.00   12.53
-239883.598   117.506    -8.93   13.62
-239594.725   115.418    -7.23   13.09
-239305.848   114.526    -3.09   12.26
-239016.966   112.753    -6.14   14.47
-238728.080   110.881    -6.48   15.34
-238439.190   108.336    -8.81   18.22
-238150.295   106.061    -7.87   20.11
-237861.395   101.936   -14.28   20.76
-237572.491    98.903   -10.50   20.55
-237283.583    99.061     0.55   20.50
-236994.670    98.019    -3.60   19.49
-236705.752    95.785    -7.73   17.89
-236416.830    94.432    -4.68   17.14
-236127.904    94.729     1.03   15.45
-235838.973    94.506    -0.77   12.80
-235550.037    93.543    -3.33   11.09
-235261.097    92.197    -4.66    9.79
-234972.153    92.483     0.99    8.42
-234683.204    93.269     2.72    6.48
-234394.250    93.057    -0.73    5.76
-234105.292    91.777    -4.43    5.36
-233816.330    90.406    -4.75    4.99
-233527.363    89.254    -3.99    5.34
-233238.391    87.354    -6.57    5.94
-232949.415    85.696    -5.74    5.75
-232660.434    84.578    -3.87    5.70
-232371.449    83.370    -4.18    6.32
-232082.460    83.099    -0.94    6.87
-231793.466    81.786    -4.54    8.09
-231504.467    80.190    -5.52    8.72
-231215.464    78.540    -5.71   10.37
-230926.456    76.553    -6.87   11.69
-230637.444    74.403    -7.44   12.08
-230348.427    72.218    -7.56   11.72
-230059.406    70.031    -7.56   11.26
-229770.380    67.631    -8.30   10.73
-229481.350    66.352    -4.42   10.31
-229192.315    64.854    -5.18    9.64
-228903.276    64.586    -0.93    8.95
-228614.232    66.337     6.06    7.57
-228325.183    67.696     4.70    7.23
-228036.130    69.455     6.08    6.19
-227747.073    71.795     8.09    5.69
-227458.011    74.302     8.67    4.97
-227168.944    75.906     5.55    4.45
-226879.873    75.953     0.16    4.90
-226590.797    75.026    -3.20    5.93
-226301.717    73.975    -3.64    6.17
-226012.632    72.716    -4.36    5.77
-225723.543    71.733    -3.40    4.68
-225434.449    72.167     1.50    4.72
-225145.351    73.516     4.67    5.16
-224856.248    75.110     5.51    4.70
-224567.140    76.837     5.97    4.44
-224278.028    78.532     5.87    4.21
-223988.911    80.219     5.83    4.38
-223699.790    81.438     4.21    4.38
-223410.665    83.031     5.51    4.54
-223121.534    84.352     4.57    4.87
-222832.399    86.451     7.26    4.57
-222543.260    88.547     7.25    4.56
-222254.116    89.803     4.34    4.55
-221964.967    92.268     8.52    5.34
-221675.814    93.942     5.79    5.35
-221386.657    96.369     8.39    5.92
-221097.494    98.119     6.05    5.77
-220808.327   100.388     7.85    5.72
-220519.156   102.561     7.51    5.60
-220229.980   104.696     7.38    5.95
-219940.799   107.386     9.30    5.67
-219651.614   108.536     3.98    5.19
-219362.425   109.457     3.19    4.54
-219073.230   109.906     1.55    4.44
-218784.031   109.370    -1.85    4.59
-218494.828   107.472    -6.56    5.67
-218205.620   105.778    -5.86    6.35
-217916.407   104.061    -5.94    6.41
-217627.190   101.136   -10.11    6.39
-217337.968    99.440    -5.86    6.32
-217048.742    97.486    -6.76    6.32
-216759.511    95.959    -5.28    6.55
-216470.275    93.453    -8.66    6.64
-216181.035    90.481   -10.27    6.29
-215891.790    88.371    -7.29    6.09
-215602.541    87.153    -4.21    5.42
-215313.287    85.975    -4.07    4.95
-215024.028    84.877    -3.79    4.62
-214734.765    83.669    -4.17    4.69
-214445.497    82.370    -4.49    4.63
-214156.225    81.475    -3.10    4.11
-213866.948    80.811    -2.30    3.35
-213577.666    80.446    -1.26    3.41
-213288.380    80.303    -0.50    3.40
-212999.089    80.965     2.29    3.68
-212709.794    82.095     3.91    4.62
-212420.494    82.923     2.86    5.28
-212131.189    83.953     3.56    5.54
-211841.880    85.184     4.25    5.95
-211552.566    87.090     6.59    6.62
-211263.248    89.061     6.81    6.32
-210973.925    91.603     8.79    7.00
-210684.597    92.888     4.44    7.14
-210395.265    94.451     5.40    7.47
-210105.928    95.090     2.21    7.56
-209816.586    95.019    -0.24    7.68
-209527.240    95.269     0.86    7.68
-209237.889    94.802    -1.61    7.49
-208948.533    94.736    -0.23    6.94
-208659.173    93.888    -2.93    5.09
-208369.809    94.465     1.99    5.17
-208080.439    96.041     5.45    5.29
-207791.065    97.946     6.59    5.40
-207501.686    99.026     3.73    5.82
-207212.303   100.898     6.47    6.28
-206922.915   103.516     9.05    6.07
-206633.523   105.553     7.04    6.44
-206344.125   108.529    10.28    7.40
-206054.724   110.946     8.35    7.86
-205765.317   115.337    15.17    8.57
-205475.906   118.335    10.36    8.27
-205186.490   121.845    12.12    8.31
-204897.070   125.123    11.32    8.65
-204607.645   129.475    15.04    8.69
-204318.215   132.969    12.07    7.66
-204028.780   134.930     6.77    8.12
-203739.341   137.303     8.20    9.54
-203449.898   139.090     6.17    9.29
-203160.449   139.591     1.73    8.92
-202870.996   139.472    -0.41    8.98
-202581.539   138.403    -3.69    8.49
-202292.076   137.336    -3.68    7.75
-202002.609   135.164    -7.50    7.95
-201713.137   133.481    -5.82    7.46
-201423.661   132.270    -4.18    7.24
-201134.180   130.421    -6.39    6.67
-200844.694   131.523     3.81    7.46
-200555.204   134.095     8.89    8.86
-200265.709   135.565     5.08    8.39
-199976.209   135.819     0.88    8.16
-199686.705   136.286     1.61    8.40
-199397.196   135.475    -2.80    8.61
-199107.682   132.421   -10.55    8.90
-198818.164   128.762   -12.64    9.27
-198528.641   126.036    -9.41    7.56
-198239.113   124.045    -6.88    7.69
-197949.580   122.284    -6.08    6.88
-197660.043   121.963    -1.11    5.85
-197370.501   122.486     1.80    5.64
-197080.955   123.513     3.55    5.46
-196791.404   125.448     6.68    6.10
-196501.848   127.184     5.99    6.69
-196212.287   129.803     9.04    6.87
-195922.722   131.181     4.76    7.16
-195633.152   132.919     6.00    8.07
-195343.577   135.319     8.29    7.75
-195053.998   137.399     7.18    7.74
-194764.414   139.286     6.52    8.22
-194474.825   140.802     5.24    8.37
-194185.232   141.930     3.89    7.99
-193895.633   142.871     3.25    7.21
-193606.031   144.762     6.53    6.66
-193316.423   145.785     3.53    6.87
-193026.811   147.492     5.89    6.96
-192737.194   149.130     5.66    6.68
-192447.572   151.236     7.27    6.72
-192157.946   152.674     4.97    6.20
-191868.314   154.658     6.85    6.79
-191578.679   157.696    10.49    7.74
-191289.038   159.802     7.27    7.62
-190999.393   163.760    13.66    9.14
-190709.743   167.910    14.33   10.07
-190420.088   171.369    11.94   10.44
-190130.429   174.787    11.80    9.40
-189840.764   177.916    10.80    9.41
-189551.096   180.186     7.84    8.44
-189261.422   183.284    10.69    7.38
-188971.744   184.835     5.36    7.77
-188682.248   186.669     6.33    6.85
-188393.579   186.221    -1.55    6.46
-188104.906   185.802    -1.45    7.01
-187816.228   185.159    -2.23    6.96
-187527.545   183.569    -5.50    7.80
-187238.858   182.457    -3.85    7.33
-186950.165   180.614    -6.38    7.30
-186661.469   179.043    -5.44    6.90
-186372.767   177.078    -6.81    7.20
-186084.061   175.716    -4.72    8.02
-185795.350   173.603    -7.32    9.62
-185506.634   171.123    -8.59   10.32
-185217.914   168.457    -9.23   10.76
-184929.188   164.696   -13.03   10.83
-184640.459   161.561   -10.86   11.14
-184351.724   157.777   -13.10   10.45
-184062.985   153.893   -13.45    9.30
-183774.241   151.636    -7.82    7.48
-183485.492   150.690    -3.27    5.80
-183196.739   150.214    -1.65    5.36
-182907.981   151.986     6.14    6.51
-182619.218   153.986     6.93    7.54
-182330.450   156.174     7.58    7.84
-182041.678   158.136     6.79    7.63
-181752.901   159.762     5.63    7.40
-181464.119   162.388     9.09    7.84
-181175.333   164.712     8.05    7.41
-180886.541   165.803     3.78    7.70
-180597.745   168.302     8.65    7.77
-180308.945   170.369     7.15    7.98
-180020.139   173.336    10.28    8.11
-179731.329   177.371    13.97    9.34
-179442.514   180.819    11.94    9.84
-179153.695   185.569    16.45    9.29
-178864.870   187.910     8.10    8.31
-178576.041   190.147     7.75    7.34
-178287.207   191.619     5.10    6.80
-177998.369   191.802     0.63    6.54
-177709.525   190.768    -3.58    7.50
-177420.677   188.746    -7.00    8.89
-177131.824   186.436    -8.00   11.44
-176842.967   185.997    -1.52   11.43
-176554.105   185.758    -0.83   11.75
-176265.237   183.519    -7.75   12.76
-175976.366   182.618    -3.12   13.34
-175687.489   184.126     5.22   12.60
-175398.608   183.574    -1.91   11.88
-175109.722   182.762    -2.81   11.43
-174820.831   183.854     3.78   10.23
-174531.935   186.105     7.79   10.47
-174243.035   187.736     5.65   11.60
-173954.129   189.888     7.45   11.38
-173665.220   191.352     5.07   10.97
-173376.305   193.836     8.60    8.46
-173087.385   194.888     3.64    8.86
-172798.461   195.095     0.72    9.02
-172509.532   196.453     4.70    8.51
-172220.598   197.910     5.04    9.47
-171931.660   198.509     2.07    9.32
-171642.716   199.636     3.90    8.80
-171353.768   198.147    -5.15    8.95
-171064.815   199.337     4.12    9.41
-170775.858   200.598     4.37   10.47
-170486.895   199.269    -4.60   10.75
-170197.928   198.948    -1.11   10.54
-169908.956   202.177    11.17   10.96
-169619.979   204.753     8.91   10.36
-169330.998   204.775     0.08   11.39
-169042.011   202.013    -9.56   12.56
-168753.020   201.438    -1.99   12.58
-168464.024   200.778    -2.28   12.72
-168175.024   198.578    -7.61   11.77
-167886.018   200.670     7.24   12.51
-167597.008   206.436    19.95   17.12
-167307.993   215.250    30.50   22.70
-167018.973   223.787    29.54   23.90
-166729.948   231.036    25.08   24.58
-166440.918   242.750    40.53   25.86
-166151.884   247.302    15.75   24.65
-165862.845   250.569    11.30   22.59
-165573.801   257.255    23.13   22.58
-165284.752   265.578    28.79   21.33
-164995.699   266.486     3.14   20.46
-164706.640   264.530    -6.77   20.74
-164417.577   263.061    -5.08   20.07
-164128.509   262.336    -2.51   23.00
-163839.436   258.319   -13.89   27.17
-163550.359   252.900   -18.75   26.60
-163261.276   251.197    -5.89   26.91
-162972.189   249.103    -7.24   26.58
-162683.097   247.775    -4.59   25.68
-162394.000   245.287    -8.61   23.75
-162104.899   246.319     3.57   22.34
-161815.792   247.910     5.50   20.57
-161526.681   250.285     8.22   23.73
-161237.564   252.078     6.20   25.97
-160948.443   257.119    17.44   30.21
-160659.318   258.785     5.76   30.01
-160370.187   260.746     6.78   31.54
-160081.051   262.419     5.79   32.41
-159791.911   262.871     1.56   31.15
-159502.766   260.716    -7.45   26.79
-159213.616   259.286    -4.94   22.40
-158924.461   258.139    -3.97   18.06
-158635.301   258.561     1.46   16.99
-158346.137   256.936    -5.62   16.85
-158056.967   254.194    -9.48   18.00
-157767.793   251.199   -10.36   17.99
-157478.614   245.352   -20.22   18.18
-157189.430   239.421   -20.51   17.05
-156900.241   235.335   -14.13   15.10
-156611.048   234.354    -3.39   15.39
-156321.849   233.069    -4.44   15.63
-156032.646   232.337    -2.53   15.09
-155743.438   232.271    -0.23   15.39
-155454.225   234.969     9.33   15.97
-155165.007   238.057    10.68   15.82
-154875.784   234.888   -10.96   17.25
-154586.557   229.009   -20.33   18.05
-154297.324   224.603   -15.23   19.37
-154008.087   220.099   -15.57   19.06
-153718.845   216.029   -14.07   17.61
-153429.598   211.692   -14.99   13.55
-153140.346   209.837    -6.41   10.57
-152851.089   211.699     6.44   12.35
-152561.827   216.828    17.73   15.69
-152272.561   221.237    15.24   17.44
-151983.290   223.750     8.69   17.27
-151694.013   229.624    20.31   20.40
-151404.732   231.266     5.67   17.25
-151115.446   232.743     5.11   16.88
-150826.155   238.384    19.50   18.07
-150536.859   243.653    18.21   19.98
-150247.559   246.582    10.12   19.95
-149958.253   250.074    12.07   18.52
-149668.943   253.453    11.68   19.04
-149379.628   261.371    27.37   18.41
-149090.307   268.916    26.08   18.51
-148800.982   276.853    27.43   20.03
-148511.652   284.532    26.54   23.23
-148222.317   291.509    24.11   23.25
-147932.978   298.371    23.72   24.45
-147643.633   306.778    29.05   26.49
-147354.283   319.236    43.05   26.53
-147064.929   328.110    30.67   29.43
-146775.570   337.250    31.59   34.80
-146486.205   346.388    31.58   40.55
-146196.836   353.811    25.65   45.45
-145907.462   359.048    18.10   49.88
-145618.083   358.139    -3.14   54.44
-145328.700   353.250   -16.89   49.15
-145039.311   350.853    -8.29   53.20
-144749.917   341.975   -30.68   40.38
-144460.519   336.696   -18.24   42.17
-144171.115   334.221    -8.55   39.59
-143881.707   336.503     7.88   41.10
-143592.293   337.303     2.77   42.26
-143302.875   332.354   -17.10   38.68
-143013.452   327.586   -16.47   40.67
-142724.024   322.492   -17.60   28.39
-142434.591   320.045    -8.45   30.57
-142145.153   311.082   -30.97   29.70
-141855.710   309.319    -6.09   28.96
-141566.262   307.216    -7.27   25.68
-141276.810   307.284     0.24   27.15
-140987.352   303.513   -13.03   26.54
-140697.890   305.386     6.47   30.69
-140408.422   305.674     1.00   34.64
-140118.950   305.048    -2.16   37.49
-139829.472   302.337    -9.37   38.83
-139539.990   306.186    13.30   44.28
-139250.503   307.836     5.70   44.64
-138961.011   306.467    -4.73   43.75
-138671.514   301.561   -16.95   41.34
-138382.012   297.819   -12.92   42.33
-138092.505   291.492   -21.86   41.10
-137802.993   283.237   -28.51   38.80
-137513.476   273.614   -33.24   39.00
-137223.954   267.236   -22.03   39.39
-136934.428   253.853   -46.22   41.95
-136644.896   242.845   -38.02   44.81
-136355.359   230.036   -44.24   39.79
-136065.818   221.233   -30.40   36.86
-135776.271   211.542   -33.47   33.00
-135486.720   205.986   -19.19   27.57
-135197.163   201.268   -16.29   21.43
-134907.602   204.578    11.43   21.73
-134618.036   209.953    18.56   21.63
-134328.464   212.467     8.68   19.78
-134038.888   216.750    14.79   22.82
-133749.307   222.586    20.15   26.66
-133459.721   230.112    25.99   29.38
-133170.129   235.837    19.77   30.87
-132880.533   243.614    26.86   35.14
-132590.932   250.719    24.53   37.02
-132301.326   255.706    17.22   38.62
-132011.715   259.730    13.89   37.94
-131722.099   253.869   -20.24   38.20
-131432.478   250.425   -11.89   37.22
-131142.852   245.223   -17.96   37.49
-130853.221   242.086   -10.83   33.04
-130563.585   242.090     0.01   29.27
-130273.944   241.252    -2.89   23.43
-129984.298   247.112    20.23   24.64
-129694.647   253.553    22.23   21.64
-129404.992   259.181    19.43   17.17
-129115.331   259.844     2.29   15.97
-128825.665   257.186    -9.18   17.17
-128535.994   254.354    -9.78   16.31
-128246.318   252.354    -6.90   16.41
-127956.637   248.201   -14.34   15.55
-127666.952   246.598    -5.53   14.93
-127377.261   249.837    11.18   16.57
-127087.565   257.658    27.00   18.68
-126797.864   263.909    21.57   24.13
-126508.159   268.719    16.60   25.97
-126219.434   279.384    36.94   32.39
-125930.797   284.186    16.64   30.51
-125642.156   287.991    13.18   28.26
-125353.509   288.161     0.59   27.16
-125064.858   285.803    -8.17   25.19
-124776.201   281.475   -14.99   23.32
-124487.540   278.206   -11.32   22.75
-124198.873   272.303   -20.45   24.15
-123910.202   265.975   -21.92   25.86
-123621.525   258.543   -25.74   26.87
-123332.844   251.199   -25.44   25.02
-123044.158   245.119   -21.06   21.01
-122755.466   240.997   -14.28   16.98
-122466.770   239.844    -3.99   13.98
-122178.069   241.803     6.78   15.03
-121889.362   247.699    20.42   16.36
-121600.651   252.406    16.30   15.73
-121311.935   257.386    17.25   13.23
-121023.214   258.852     5.08   12.49
-120734.488   258.940     0.31   12.88
-120445.756   259.106     0.58   13.95
-120157.020   259.444     1.17   13.12
-119868.279   259.489     0.15   13.52
-119579.533   264.319    16.73   15.88
-119290.782   271.743    25.71   17.36
-119002.026   284.123    42.87   28.32
-118713.264   297.442    46.12   39.06
-118424.498   318.036    71.31   56.17
-118135.727   336.034    62.32   65.63
-117846.951   346.771    37.18   71.30
-117558.170   358.603    40.97   73.86
-117269.384   364.451    20.25   75.80
-116980.593   373.716    32.08   77.06
-116691.797   380.056    21.95   74.55
-116402.995   379.586    -1.63   71.93
-116114.189   382.526    10.18   66.39
-115825.378   382.991     1.61   63.51
-115536.562   380.353    -9.14   60.79
-115247.741   368.147   -42.26   55.97
-114958.914   356.199   -41.37   54.20
-114670.083   344.269   -41.30   52.80
-114381.247   337.910   -22.02   50.35
-114092.406   334.147   -13.03   52.85
-113803.559   328.188   -20.63   55.62
-113514.708   328.406     0.75   53.87
-113225.852   325.913    -8.63   54.87
-112936.990   319.319   -22.82   58.01
-112648.124   313.680   -19.52   63.37
-112359.253   304.610   -31.40   65.99
-112070.376   292.933   -40.42   64.01
-111781.495   278.936   -48.45   59.81
-111492.608   268.373   -36.56   56.10
-111203.717   256.190   -42.17   50.51
-110914.820   252.003   -14.49   47.58
-110625.918   247.369   -16.04   47.02
-110337.012   242.440   -17.06   45.64
-110048.100   241.681    -2.63   44.22
-109759.183   229.753   -41.29   45.06
-109470.262   217.457   -42.55   46.00
-109181.335   208.090   -32.42   43.38
-108892.403   204.561   -12.21   42.86
-108603.466   204.733     0.60   45.58
-108314.524   207.268     8.77   47.92
-108025.577   211.647    15.16   46.46
-107736.625   221.271    33.30   44.82
-107447.668   234.578    46.05   43.37
-107158.706   238.549    13.74   42.71
-106869.739   243.336    16.57   43.00
-106580.766   249.523    21.41   41.13
-106291.789   263.353    47.86   46.01
-106002.807   279.647    56.38   50.84
-105713.819   295.351    54.34   51.06
-105424.827   314.268    65.45   41.83
-105135.829   323.886    33.28   35.43
-104846.826   334.766    37.64   28.80
-104557.819   334.239    -1.82   29.62
-104268.806   331.553    -9.29   32.73
-103979.788   325.024   -22.59   34.96
-103690.765   315.975   -31.31   35.66
-103401.737   303.664   -42.59   36.29
-103112.704   294.819   -30.60   36.34
-102823.666   277.285   -60.66   31.46
-102534.623   266.139   -38.56   29.83
-102245.575   255.612   -36.42   31.57
-101956.521   248.099   -25.99   34.13
-101667.463   242.557   -19.17   33.18
-101378.399   237.516   -17.44   31.36
-101089.331   234.352   -10.95   30.09
-100800.257   232.218    -7.38   29.76
-100511.178   232.603     1.33   30.82
-100222.094   234.286     5.82   28.87
 -99933.005   236.082     6.21   26.36
 -99643.911   232.472   -12.49   24.83
 -99354.812   226.516   -20.60   28.09
 -99065.708   217.061   -32.70   31.38
 -98776.598   205.353   -40.50   30.69
 -98487.484   200.186   -17.87   30.26
 -98198.365   190.177   -34.62   27.77
 -97909.240   185.844   -14.98   24.77
 -97620.110   178.658   -24.85   21.36
 -97330.975   175.959    -9.34   23.78
 -97041.835   174.760    -4.15   24.91
 -96752.690   171.095   -12.67   23.76
 -96463.540   172.549     5.03   25.47
 -96174.385   171.269    -4.43   26.75
 -95885.225   171.664     1.37   29.94
 -95596.059   173.768     7.28   30.69
 -95306.888   180.285    22.54   32.73
 -95017.713   184.536    14.70   29.46
 -94728.532   183.986    -1.90   25.66
 -94439.346   182.237    -6.05   25.65
 -94150.155   180.336    -6.57   24.03
 -93860.959   174.403   -20.52   27.84
 -93571.757   166.219   -28.30   27.22
 -93282.551   157.936   -28.64   28.29
 -92993.339   147.578   -35.81   26.10
 -92704.123   143.465   -14.22   25.08
 -92414.901   137.893   -19.26   23.11
 -92125.674   131.828   -20.97   22.22
 -91836.442   126.199   -19.46   20.19
 -91547.205   118.440   -26.82   21.33
 -91257.962   109.828   -29.78   21.35
 -90968.715   102.641   -24.84   21.86
 -90679.462    95.577   -24.42   23.97
 -90390.205    92.574   -10.38   24.97
 -90100.942    90.492    -7.20   26.56
 -89811.674    97.647    24.74   31.30
 -89522.401   100.253     9.01   28.65
 -89233.122   104.500    14.68   28.07
 -88943.839   108.785    14.81   25.10
 -88654.550   114.186    18.67   18.21
 -88365.257   114.768     2.01   17.33
 -88075.958   113.582    -4.10   18.27
 -87786.654   111.713    -6.46   18.63
 -87497.344   106.483   -18.08   19.27
 -87208.030   101.235   -18.14   20.79
 -86918.711    98.336   -10.02   21.07
 -86629.386    93.893   -15.36   21.71
 -86340.056    86.802   -24.51   21.61
 -86050.721    83.034   -13.02   20.25
 -85761.381    78.565   -15.44   21.39
 -85472.036    74.388   -14.44   23.48
 -85182.685    71.371   -10.43   23.61
 -84893.330    70.136    -4.27   27.18
 -84603.969    67.139   -10.36   28.81
 -84314.603    62.975   -14.39   29.48
 -84025.232    56.503   -22.36   30.07
 -83735.856    53.630    -9.93   31.32
 -83446.474    47.043   -22.76   30.45
 -83157.087    39.205   -27.09   26.20
 -82867.696    34.719   -15.50   24.04
 -82578.299    29.690   -17.38   18.69
 -82288.896    25.705   -13.77   15.63
 -81999.489    23.136    -8.88   12.74
 -81710.077    22.828    -1.06   13.07
 -81420.659    24.077     4.32   12.69
 -81131.236    24.353     0.95   12.28
 -80841.808    23.221    -3.91    7.39
 -80552.375    24.561     4.63    7.15
 -80262.936    25.595     3.57    6.34
 -79973.493    26.069     1.64    5.49
 -79684.044    25.750    -1.10    5.15
 -79394.590    24.965    -2.71    4.85
 -79105.130    23.936    -3.55    5.09
 -78815.666    22.423    -5.23    5.42
 -78526.196    21.130    -4.47    5.01
 -78236.722    21.003    -0.44    4.82
 -77947.242    21.110     0.37    5.68
 -77657.756    21.664     1.92    6.02
 -77368.266    22.532     3.00    7.11
 -77078.770    22.388    -0.50    7.45
 -76789.269    21.726    -2.29    8.00
 -76499.763    19.434    -7.92    9.02
 -76210.252    16.386   -10.53    8.71
 -75920.736    13.418   -10.25    8.23
 -75631.214    10.951    -8.52    7.61
 -75341.687     8.453    -8.63    7.13
 -75052.155     5.354   -10.70    4.61
 -74762.618     4.545    -2.79    4.13
 -74473.075     3.419    -3.89    2.90
 -74183.527     3.453     0.12    2.96
 -73893.975     3.595     0.49    2.92
 -73604.416     3.828     0.80    2.81
 -73314.853     4.335     1.75    2.99
 -73025.284     4.269    -0.23    2.60
 -72735.710     4.287     0.06    2.52
 -72446.131     4.112    -0.60    2.29
 -72156.547     3.975    -0.48    2.24
 -71866.957     3.624    -1.21    2.04
 -71577.363     3.696     0.25    2.04
 -71287.763     4.045     1.20    2.20
 -70998.157     4.233     0.65    2.27
 -70708.547     4.269     0.13    2.14
 -70418.931     4.421     0.52    2.06
 -70129.310     4.703     0.97    1.88
 -69839.684     4.869     0.58    1.77
 -69550.053     4.589    -0.97    1.82
 -69260.416     4.286    -1.05    1.67
 -68970.774     4.591     1.05    1.84
 -68681.127     4.794     0.70    2.27
 -68391.474     5.130     1.16    2.45
 -68101.817     5.237     0.37    2.44
 -67812.154     5.371     0.46    2.37
 -67522.485     5.353    -0.06    2.31
 -67232.812     5.233    -0.41    2.22
 -66943.133     5.031    -0.70    2.21
 -66653.449     4.594    -1.51    2.17
 -66363.760     4.203    -1.35    1.60
 -66074.066     3.916    -0.99    1.52
 -65784.366     3.775    -0.49    1.68
 -65494.661     3.569    -0.71    1.82
 -65204.951     3.136    -1.50    2.11
 -64915.235     2.986    -0.52    2.02
 -64625.514     2.637    -1.21    1.95
 -64335.788     2.436    -0.69    1.82
 -64046.785     2.353    -0.29    1.97
 -63758.186     2.232    -0.42    1.78
 -63469.581     2.219    -0.04    1.86
 -63180.972     2.218    -0.01    1.94
 -62892.357     2.610     1.36    2.02
 -62603.737     2.736     0.44    1.87
 -62315.112     2.768     0.11    1.90
 -62026.481     3.184     1.44    1.99
 -61737.845     3.543     1.25    1.90
 -61449.204     3.778     0.81    1.88
 -61160.558     3.802     0.08    1.92
 -60871.907     3.886     0.29    1.87
 -60583.250     4.061     0.61    1.81
 -60294.588     4.201     0.48    1.57
 -60005.921     4.061    -0.48    1.55
 -59717.249     4.106     0.16    1.66
 -59428.571     4.481     1.30    1.78
 -59139.888     4.583     0.35    1.82
 -58851.200     4.953     1.28    1.66
 -58562.507     5.216     0.91    1.65
 -58273.808     5.158    -0.20    1.87
 -57985.104     4.746    -1.43    2.22
 -57696.395     4.434    -1.08    2.11
 -57407.680     3.896    -1.87    2.18
 -57118.961     3.543    -1.22    2.24
 -56830.236     3.401    -0.49    2.19
 -56541.506     3.009    -1.36    2.07
 -56252.770     3.188     0.62    2.17
 -55964.029     3.186    -0.01    2.41
 -55675.283     3.043    -0.49    2.37
 -55386.532     2.802    -0.84    2.39
 -55097.776     2.486    -1.09    2.19
 -54809.014     2.384    -0.35    2.13
 -54520.247     2.699     1.09    2.15
 -54231.474     2.919     0.76    1.97
 -53942.697     2.837    -0.29    1.87
 -53653.914     2.828    -0.03    1.83
 -53365.126     2.582    -0.85    1.82
 -53076.332     2.653     0.25    1.72
 -52787.533     2.448    -0.71    1.66
 -52498.729     2.249    -0.69    1.68
 -52209.920     2.053    -0.68    1.60
 -51921.106     1.968    -0.29    1.70
 -51632.286     1.819    -0.52    1.91
 -51343.461     1.736    -0.29    2.01
 -51054.630     1.819     0.29    1.92
 -50765.794     1.681    -0.48    1.94
 -50476.953     1.681     0.00    2.01
 -50188.107     1.636    -0.16    1.95
 -49899.255     1.923     0.99    1.67
 -49610.398     2.303     1.32    1.77
 -49321.536     2.906     2.09    2.06
 -49032.669     3.624     2.49    2.37
 -48743.796     4.440     2.82    2.73
 -48454.918     5.877     4.97    3.17
 -48166.034     6.954     3.73    3.25
 -47877.146     8.201     4.31    3.32
 -47588.252     9.419     4.22    3.01
 -47299.352    10.370     3.29    2.53
 -47010.448    10.980     2.11    2.35
 -46721.538    11.819     2.90    2.56
 -46432.622    12.706     3.07    2.72
 -46143.702    13.700     3.44    2.80
 -45854.776    14.591     3.08    2.98
 -45565.845    15.636     3.62    2.92
 -45276.908    16.705     3.70    2.88
 -44987.966    17.653     3.28    2.98
 -44699.019    18.486     2.88    2.91
 -44410.066    19.626     3.94    2.64
 -44121.109    20.862     4.28    2.65
 -43832.145    21.406     1.88    2.86
 -43543.177    22.436     3.57    2.98
 -43254.203    23.957     5.26    3.33
 -42965.224    25.139     4.09    3.56
 -42676.240    26.285     3.97    3.47
 -42387.250    27.404     3.87    3.37
 -42098.255    28.336     3.23    3.38
 -41809.254    28.936     2.08    3.54
 -41520.248    29.367     1.49    3.72
 -41231.237    29.103    -0.91    4.11
 -40942.221    28.500    -2.09    4.57
 -40653.199    27.768    -2.53    4.33
 -40364.172    27.369    -1.38    4.24
 -40075.139    26.595    -2.68    3.16
 -39786.101    26.594    -0.01    3.11
 -39497.058    26.647     0.19    2.87
 -39208.009    26.936     1.00    2.77
 -38918.955    27.561     2.16    2.95
 -38629.896    28.407     2.93    2.97
 -38340.832    28.970     1.95    3.18
 -38051.762    29.653     2.36    3.17
 -37762.686    30.239     2.03    3.21
 -37473.606    30.819     2.01    2.98
 -37184.519    31.371     1.91    2.82
 -36895.428    32.003     2.18    2.75
 -36606.331    32.760     2.62    2.72
 -36317.229    33.303     1.88    3.01
 -36028.122    34.026     2.50    3.00
 -35739.009    34.719     2.40    3.16
 -35449.891    35.337     2.13    3.05
 -35160.767    35.844     1.75    3.19
 -34871.638    36.516     2.32    3.16
 -34582.504    37.401     3.06    3.14
 -34293.364    37.910     1.76    3.16
 -34004.219    38.285     1.30    2.95
 -33715.068    38.669     1.33    3.16
 -33425.912    38.750     0.28    2.69
 -33136.751    38.513    -0.82    3.02
 -32847.585    38.353    -0.55    2.96
 -32558.413    37.828    -1.82    3.67
 -32269.235    38.095     0.93    3.82
 -31980.052    37.519    -1.99    3.85
 -31690.864    37.400    -0.41    3.72
 -31401.671    37.353    -0.16    3.18
 -31112.472    37.352    -0.00    3.01
 -30823.267    37.126    -0.78    2.68
 -30534.058    36.760    -1.27    3.12
 -30244.842    36.419    -1.18    3.43
 -29955.622    36.045    -1.29    3.57
 -29666.396    35.416    -2.17    3.92
 -29377.165    34.658    -2.62    3.92
 -29087.928    33.886    -2.67    4.37
 -28798.686    32.837    -3.63    4.14
 -28509.438    32.003    -2.88    4.27
 -28220.185    30.936    -3.69    3.81
 -27930.927    30.415    -1.80    3.70
 -27641.663    29.762    -2.26    3.58
 -27352.394    29.750    -0.04    2.98
 -27063.120    30.031     0.97    3.01
 -26773.840    29.906    -0.43    2.66
 -26484.554    30.254     1.20    2.54
 -26195.264    30.337     0.29    2.37
 -25905.967    30.636     1.04    2.49
 -25616.666    30.526    -0.38    2.38
 -25327.359    29.997    -1.83    2.22
 -25038.046    30.142     0.50    2.41
 -24748.728    30.385     0.84    2.45
 -24459.405    30.577     0.67    2.43
 -24170.076    30.740     0.56    2.47
 -23880.742    31.053     1.08    2.77
 -23591.402    31.302     0.86    3.42
 -23302.057    31.446     0.50    4.16
 -23012.707    31.467     0.07    4.65
 -22723.351    31.336    -0.45    5.19
 -22433.990    31.336     0.00    5.38
 -22144.623    31.009    -1.13    5.35
 -21855.251    30.603    -1.40    5.12
 -21565.873    30.184    -1.45    4.44
 -21276.490    29.545    -2.21    3.83
 -20987.101    29.286    -0.90    3.70
 -20697.707    28.681    -2.09    3.70
 -20408.308    28.268    -1.43    3.65
 -20118.903    27.819    -1.55    3.66
 -19829.493    27.190    -2.17    4.02
 -19540.077    26.733    -1.58    3.78
 -19250.656    25.936    -2.75    3.64
 -18961.229    25.612    -1.12    3.31
 -18671.797    24.969    -2.22    3.02
 -18382.360    24.582    -1.34    3.14
 -18092.916    24.594     0.04    3.04
 -17803.468    24.205    -1.34    3.34
 -17514.014    23.440    -2.64    3.53
 -17224.555    23.253    -0.65    3.78
 -16935.090    22.768    -1.68    3.88
 -16645.619    22.223    -1.88    4.18
 -16356.144    22.019    -0.70    4.13
 -16066.662    21.975    -0.15    4.68
 -15777.176    21.768    -0.72    4.33
 -15487.683    20.913    -2.95    4.65
 -15198.186    19.868    -3.61    5.08
 -14908.683    19.186    -2.35    5.24
 -14619.174    18.061    -3.88    5.05
 -14329.660    16.670    -4.80    5.12
 -14040.140    15.061    -5.56    4.39
 -13750.615    13.919    -3.94    4.26
 -13461.085    13.073    -2.92    4.49
 -13171.549    12.174    -3.11    4.63
 -12882.007    10.946    -4.24    3.64
 -12592.460     9.836    -3.84    3.06
 -12302.908     8.919    -3.17    2.84
 -12013.350     8.419    -1.73    2.45
 -11723.786     8.319    -0.35    2.88
 -11434.217     8.177    -0.49    2.93
 -11144.643     7.910    -0.92    3.07
 -10855.063     8.095     0.64    3.35
 -10565.478     8.184     0.31    3.41
 -10275.887     8.337     0.53    3.30
  -9986.290     8.319    -0.06    3.22
  -9696.688     8.095    -0.77    2.60
  -9407.081     7.736    -1.24    2.57
  -9117.468     7.768     0.11    2.56
  -8827.850     6.862    -3.13    2.72
  -8538.226     5.954    -3.13    3.00
  -8248.596     5.069    -3.06    2.80
  -7958.961     4.077    -3.42    2.84
  -7669.321     2.951    -3.89    2.65
  -7379.675     1.919    -3.56    2.31
  -7090.024     1.048    -3.01    2.21
  -6800.367     0.796    -0.87    2.37
  -6510.704     0.893     0.34    2.81
  -6221.036     0.549    -1.19    2.75
  -5931.363     0.768     0.76    2.98
  -5641.683     0.888     0.42    2.94
  -5351.999     1.123     0.81    2.95
  -5062.309     1.569     1.54    2.94
  -4772.613     1.819     0.86    2.76
  -4482.912     1.913     0.32    2.49
  -4193.205     2.250     1.17    2.97
  -3903.493     2.218    -0.11    2.90
  -3613.775     2.031    -0.64    2.83
  -3324.052     1.954    -0.27    2.69
  -3034.323     1.854    -0.35    2.54
  -2744.589     1.569    -0.98    2.21
  -2454.849     1.216    -1.22    1.98
  -2165.104     1.090    -0.44    1.80
  -1875.782     0.860    -0.79    1.68
  -1587.216     0.674    -0.65    1.56
  -1298.644     0.598    -0.26    1.56
  -1010.067     0.523    -0.26    1.54
   -721.484     0.486    -0.13    1.68
   -432.896     0.457    -0.10    1.61
   -144.302     0.626     0.58    1.66
    144.297     0.703     0.27    1.61
    432.901     0.647    -0.19    1.51
    721.512     0.871     0.78    1.49
   1010.127     0.980     0.38    1.48
   1298.749     1.024     0.15    1.39
   1587.375     1.014    -0.03    1.37
   1876.007     0.762    -0.87    1.43
   2164.645     0.618    -0.50    1.50
   2453.288     0.653     0.12    1.47
   2741.937     0.453    -0.69    1.42
   3030.591     0.223    -0.80    1.42
   3319.251     0.041    -0.63    1.34
   3607.916    -0.172    -0.74    1.29
   3896.587    -0.240    -0.23    1.12
   4185.264    -0.264    -0.08    1.14
   4473.945    -0.064     0.69    1.15
   4762.633    -0.060     0.01    1.23
   5051.326    -0.093    -0.12    1.32
   5340.024    -0.304    -0.73    1.34
   5628.728    -0.376    -0.25    1.39
   5917.438    -0.629    -0.88    1.41
   6206.153    -0.853    -0.78    1.39
   6494.873    -0.950    -0.34    1.43
   6783.599    -1.114    -0.57    1.44
   7072.331    -1.100     0.05    1.41
   7361.068    -0.969     0.45    1.47
   7649.811    -0.922     0.16    1.49
   7938.559    -0.799     0.43    1.62
   8227.313    -0.747     0.18    1.58
   8516.072    -0.746     0.00    1.53
   8804.837    -0.646     0.35    1.46
   9093.607    -0.547     0.34    1.49
   9382.383    -0.388     0.55    1.40
   9671.165    -0.519    -0.46    1.43
   9959.952    -0.647    -0.44    1.37
  10248.744    -0.601     0.16    1.45
  10537.542    -0.631    -0.10    1.47
  10826.346    -0.698    -0.23    1.43
  11115.155    -0.731    -0.11    1.25
  11403.970    -0.663     0.23    1.36
  11692.790    -0.648     0.05    1.38
  11981.616    -0.782    -0.47    1.28
  12270.448    -0.714     0.24    1.30
  12559.285    -0.594     0.41    1.30
  12848.128    -0.359     0.82    1.37
  13136.976    -0.487    -0.44    1.41
  13425.829    -0.714    -0.79    1.43
  13714.689    -0.919    -0.71    1.40
  14003.554    -1.137    -0.75    1.38
  14292.424    -1.381    -0.84    1.34
  14581.300    -1.613    -0.80    1.27
  14870.182    -1.681    -0.23    1.16
  15159.069    -1.648     0.11    1.24
  15447.962    -1.549     0.34    1.26
  15736.860    -0.918     2.19    1.95
  16025.764    -0.054     2.99    2.66
  16314.673     0.713     2.65    2.79
  16603.588     0.888     0.61    2.87
  16892.509     0.549    -1.17    3.02
  17181.435     0.270    -0.96    3.01
  17470.367    -0.319    -2.04    3.02
  17759.305    -1.232    -3.16    2.21
  18048.248    -1.647    -1.44    1.90
  18337.196    -1.923    -0.95    1.39
  18626.150    -1.939    -0.06    1.28
  18915.110    -1.864     0.26    1.35
  19204.075    -2.025    -0.56    1.18
  19493.046    -2.020     0.02    1.15
  19782.023    -2.123    -0.36    1.13
  20071.005    -2.397    -0.95    0.76
  20359.993    -2.519    -0.42    0.68
  20648.986    -2.681    -0.56    0.00
  20937.985    -2.681     0.00    0.00
  21226.990    -2.681     0.00    0.00
  21516.000    -2.681     0.00    0.00
  21805.016    -2.681     0.00    0.00
  22094.037    -2.681     0.00    0.00
  22383.065    -2.681     0.00    0.00
  22672.097    -2.681     0.00    0.00
  22961.135    -2.681     0.00    0.00
  23250.179    -2.681     0.00    0.00
  23539.229    -2.681     0.00    0.00
  23828.284    -2.681     0.00    0.00
  24117.345    -2.681     0.00    0.00
  24406.411    -2.681     0.00    0.00
  24695.483    -2.681     0.00    0.00
  24984.561    -2.681     0.00    0.00
  25273.644    -2.681     0.00    0.00
  25562.733    -2.681     0.00    0.00
  25851.827    -2.681     0.00    0.00
  26140.928    -2.681     0.00    0.00
  26430.033    -2.681     0.00    0.00
  26719.145    -2.681     0.00    0.00
  27008.262    -2.681     0.00    0.00
  27297.384    -2.681     0.00    0.00
  27586.513    -2.681     0.00    0.00
  27875.647    -2.681     0.00    0.00
  28164.786    -2.681     0.00    0.00
  28453.932    -2.681     0.00    0.00
  28743.083    -2.681     0.00    0.00
  29032.239    -2.681     0.00    0.00
  29321.401    -2.681     0.00    0.00
  29610.569    -2.681     0.00    0.00
  29899.743    -2.681     0.00    0.00
  30188.922    -2.681     0.00    0.00
  30478.107    -2.681     0.00    0.00
  30767.297    -2.681     0.00    0.00
  31056.493    -2.681     0.00    0.00
  31345.695    -2.681     0.00    0.00
  31634.902    -2.681     0.00    0.00
  31924.116    -2.681     0.00    0.00
  32213.334    -2.681     0.00    0.00
  32502.559    -2.681     0.00    0.00
  32791.789    -2.681     0.00    0.00
  33081.025    -2.681     0.00    0.00
  33370.266    -2.681     0.00    0.00
  33659.513    -2.681     0.00    0.00
  33948.766    -2.681     0.00    0.00
  34238.024    -2.681     0.00    0.00
  34527.288    -2.681     0.00    0.00
  34816.558    -2.681     0.00    0.00
  35105.834    -2.681     0.00    0.00
  35395.115    -2.681     0.00    0.00
  35684.402    -2.681     0.00    0.00
  35973.694    -2.681     0.00    0.00
  36262.992    -2.681     0.00    0.00
  36552.296    -2.681     0.00    0.00
  36841.606    -2.681     0.00    0.00
  37130.921    -2.681     0.00    0.00
  37420.242    -2.681     0.00    0.00
  37709.569    -2.681     0.00    0.00
  37998.901    -2.681     0.00    0.00
  38288.239    -2.681     0.00    0.00
  38577.583    -2.681     0.00    0.00
  38866.932    -2.681     0.00    0.00
  39156.287    -2.681     0.00    0.00
  39445.648    -2.681     0.00    0.00
  39735.015    -2.681     0.00    0.00
  40024.387    -2.681     0.00    0.00
  40313.765    -2.681     0.00    0.00
  40603.149    -2.681     0.00    0.00
  40892.538    -2.681     0.00    0.00
  41181.933    -2.681     0.00    0.00
  41471.334    -2.681     0.00    0.00
  41760.740    -2.681     0.00    0.00
  42050.153    -2.681     0.00    0.00
  42339.571    -2.681     0.00    0.00
  42628.994    -2.681     0.00    0.00
  42918.424    -2.681     0.00    0.00
  43207.859    -2.681     0.00    0.00
  43497.299    -2.681     0.00    0.00
  43786.746    -2.681     0.00    0.00
  44076.198    -2.681     0.00    0.00
  44365.656    -2.681     0.00    0.00
  44655.120    -2.681     0.00    0.00
  44944.589    -2.681     0.00    0.00
  45234.064    -2.681     0.00    0.00
  45523.545    -2.681     0.00    0.00
  45813.032    -2.681     0.00    0.00
  46102.524    -2.681     0.00    0.00
  46392.022    -2.681     0.00    0.00
  46681.526    -2.681     0.00    0.00
  46971.036    -2.681     0.00    0.00
  47260.551    -2.681     0.00    0.00
  47550.072    -2.681     0.00    0.00
  47839.599    -2.681     0.00    0.00
  48129.132    -2.681     0.00    0.00
  48418.670    -2.681     0.00    0.00
  48708.214    -2.681     0.00    0.00
  48997.764    -2.681     0.00    0.00
  49287.319    -2.681     0.00    0.00
  49576.881    -2.681     0.00    0.00
  49866.448    -2.681     0.00    0.00
  50156.020    -2.681     0.00    0.00
  50445.599    -2.681     0.00    0.00
  50735.183    -2.681     0.00    0.00
  51024.773    -2.681     0.00    0.00
  51314.369    -2.681     0.00    0.00
  51603.971    -2.681     0.00    0.00
  51893.578    -2.681     0.00    0.00
  52183.191    -2.681     0.00    0.00
  52472.810    -2.681     0.00    0.00
  52762.435    -2.681     0.00    0.00
  53052.065    -2.681     0.00    0.00
  53341.702    -2.681     0.00    0.00
  53631.344    -2.681     0.00    0.00
  53920.991    -2.681     0.00    0.00
  54210.645    -2.681     0.00    0.00
  54500.304    -2.681     0.00    0.00
  54789.969    -2.681     0.00    0.00
  55079.640    -2.681     0.00    0.00
  55369.317    -2.681     0.00    0.00
  55658.999    -2.681     0.00    0.00
  55948.688    -2.681     0.00    0.00
  56238.382    -2.681     0.00    0.00
  56528.082    -2.681     0.00    0.00
  56817.787    -2.681     0.00    0.00
  57107.499    -2.681     0.00    0.00
  57397.216    -2.681     0.00    0.00
  57686.939    -2.681     0.00    0.00
  57976.668    -2.681     0.00    0.00
  58266.402    -2.681     0.00    0.00
  58556.143    -2.681     0.00    0.00
  58845.889    -2.681     0.00    0.00
  59135.641    -2.681     0.00    0.00
  59425.399    -2.681     0.00    0.00
  59715.162    -2.681     0.00    0.00
  60004.932    -2.681     0.00    0.00
  60294.606    -2.681     0.00    0.00
  60583.134    -2.681     0.00    0.00
  60871.668    -2.681     0.00    0.00
  61160.208    -2.681     0.00    0.00
  61448.754    -2.681     0.00    0.00
  61737.306    -2.681     0.00    0.00
  62025.863    -2.681     0.00    0.00
  62314.426    -2.681     0.00    0.00
  62602.995    -2.681     0.00    0.00
  62891.569    -2.681     0.00    0.00
  63180.149    -2.681     0.00    0.00
  63468.736    -2.681     0.00    0.00
  63757.327    -2.681     0.00    0.00
  64045.925    -2.681     0.00    0.00
  64334.528    -2.681     0.00    0.00
  64623.138    -2.681     0.00    0.00
  64911.753    -2.681     0.00    0.00
  65200.373    -2.681     0.00    0.00
  65489.000    -2.681     0.00    0.00
  65777.632    -2.681     0.00    0.00
  66066.270    -2.681     0.00    0.00
  66354.914    -2.681     0.00    0.00
  66643.564    -2.681     0.00    0.00
  66932.219    -2.681     0.00    0.00
  67220.880    -2.681     0.00    0.00
  67509.547    -2.681     0.00    0.00
  67798.220    -2.681     0.00    0.00
  68086.899    -2.681     0.00    0.00
  68375.583    -2.681     0.00    0.00
  68664.273    -2.681     0.00    0.00
  68952.969    -2.681     0.00    0.00
  69241.671    -2.681     0.00    0.00
  69530.379    -2.681     0.00    0.00
  69819.092    -2.681     0.00    0.00
  70107.811    -2.681     0.00    0.00
  70396.536    -2.681     0.00    0.00
  70685.267    -2.681     0.00    0.00
  70974.004    -2.681     0.00    0.00
  71262.746    -2.681     0.00    0.00
  71551.495    -2.681     0.00    0.00
  71840.249    -2.681     0.00    0.00
  72129.008    -2.681     0.00    0.00
  72417.774    -2.681     0.00    0.00
  72706.546    -2.681     0.00    0.00
  72995.323    -2.681     0.00    0.00
  73284.106    -2.681     0.00    0.00
  73572.895    -2.681     0.00    0.00
  73861.690    -2.681     0.00    0.00
  74150.490    -2.681     0.00    0.00
  74439.297    -2.681     0.00    0.00
  74728.109    -2.681     0.00    0.00
  75016.927    -2.681     0.00    0.00
  75305.751    -2.681     0.00    0.00
  75594.581    -2.681     0.00    0.00
  75883.416    -2.681     0.00    0.00
  76172.258    -2.681     0.00    0.00
  76461.105    -2.681     0.00    0.00
  76749.958    -2.681     0.00    0.00
  77038.817    -2.681     0.00    0.00
  77327.682    -2.681     0.00    0.00
  77616.553    -2.681     0.00    0.00
  77905.429    -2.681     0.00    0.00
  78194.311    -2.681     0.00    0.00
  78483.199    -2.681     0.00    0.00
  78772.093    -2.681     0.00    0.00
  79060.993    -2.681     0.00    0.00
  79349.899    -2.681     0.00    0.00
  79638.811    -2.681     0.00    0.00
  79927.728    -2.681     0.00    0.00
  80216.651    -2.681     0.00    0.00
  80505.580    -2.681     0.00    0.00
  80794.515    -2.681     0.00    0.00
  81083.456    -2.681     0.00    0.00
  81372.403    -2.681     0.00    0.00
  81661.355    -2.681     0.00    0.00
  81950.314    -2.681     0.00    0.00
  82239.278    -2.681     0.00    0.00
  82528.248    -2.681     0.00    0.00
  82817.224    -2.681     0.00    0.00
  83106.206    -2.681     0.00    0.00
  83395.194    -2.681     0.00    0.00
  83684.188    -2.681     0.00    0.00
  83973.187    -2.681     0.00    0.00
  84262.193    -2.681     0.00    0.00
  84551.204    -2.681     0.00    0.00
  84840.221    -2.681     0.00    0.00
  85129.244    -2.681     0.00    0.00
  85418.273    -2.681     0.00    0.00
  85707.308    -2.681     0.00    0.00
  85996.349    -2.681     0.00    0.00
  86285.395    -2.681     0.00    0.00
  86574.448    -2.681     0.00    0.00
  86863.506    -2.681     0.00    0.00
  87152.570    -2.681     0.00    0.00
  87441.641    -2.681     0.00    0.00
  87730.717    -2.681     0.00    0.00
  88019.799    -2.681     0.00    0.00
  88308.886    -2.681     0.00    0.00
  88597.980    -2.681     0.00    0.00
  88887.080    -2.681     0.00    0.00
  89176.185    -2.681     0.00    0.00
  89465.297    -2.681     0.00    0.00
  89754.414    -2.681     0.00    0.00
  90043.537    -2.681     0.00    0.00
  90332.667    -2.681     0.00    0.00
  90621.802    -2.681     0.00    0.00
  90910.943    -2.681     0.00    0.00
  91200.090    -2.681     0.00    0.00
  91489.242    -2.681     0.00    0.00
  91778.401    -2.681     0.00    0.00
  92067.566    -2.681     0.00    0.00
  92356.736    -2.681     0.00    0.00
  92645.913    -2.681     0.00    0.00
  92935.095    -2.681     0.00    0.00
  93224.284    -2.681     0.00    0.00
  93513.478    -2.681     0.00    0.00
  93802.678    -2.681     0.00    0.00
  94091.884    -2.681     0.00    0.00
  94381.096    -2.681     0.00    0.00
  94670.314    -2.681     0.00    0.00
  94959.538    -2.681     0.00    0.00
  95248.768    -2.681     0.00    0.00
  95538.004    -2.681     0.00    0.00
  95827.246    -2.681     0.00    0.00
  96116.493    -2.681     0.00    0.00
  96405.747    -2.681     0.00    0.00
  96695.006    -2.681     0.00    0.00
  96984.272    -2.681     0.00    0.00
  97273.543    -2.681     0.00    0.00
  97562.821    -2.681     0.00    0.00
  97852.104    -2.681     0.00    0.00
  98141.393    -2.681     0.00    0.00
  98430.689    -2.681     0.00    0.00
  98719.990    -2.681     0.00    0.00
  99009.297    -2.681     0.00    0.00
  99298.610    -2.681     0.00    0.00
  99587.929    -2.681     0.00    0.00
  99877.254    -2.681     0.00    0.00
 100166.585    -2.681     0.00    0.00
 100455.922    -2.681     0.00    0.00
 100745.265    -2.681     0.00    0.00
 101034.614    -2.681     0.00    0.00
 101323.969    -2.681     0.00    0.00
 101613.330    -2.681     0.00    0.00
 101902.696    -2.681     0.00    0.00
 102192.069    -2.681     0.00    0.00
 102481.448    -2.681     0.00    0.00
 102770.832    -2.681     0.00    0.00
 103060.223    -2.681     0.00    0.00
 103349.620    -2.681     0.00    0.00
 103639.022    -2.681     0.00    0.00
 103928.431    -2.681     0.00    0.00
 104217.846    -2.681     0.00    0.00
 104507.266    -2.681     0.00    0.00
 104796.693    -2.681     0.00    0.00
 105086.125    -2.681     0.00    0.00
 105375.564    -2.681     0.00    0.00
 105665.008    -2.681     0.00    0.00
 105954.459    -2.681     0.00    0.00
 106243.915    -2.681     0.00    0.00
 106533.378    -2.681     0.00    0.00
 106822.846    -2.681     0.00    0.00
 107112.321    -2.681     0.00    0.00
 107401.801    -2.681     0.00    0.00
 107691.288    -2.681     0.00    0.00
 107980.780    -2.681     0.00    0.00
 108270.279    -2.681     0.00    0.00
 108559.783    -2.681     0.00    0.00
 108849.294    -2.681     0.00    0.00
 109138.810    -2.681     0.00    0.00
 109428.333    -2.681     0.00    0.00
 109717.861    -2.681     0.00    0.00
 110007.396    -2.681     0.00    0.00
 110296.936    -2.681     0.00    0.00
 110586.483    -2.681     0.00    0.00
 110876.035    -2.681     0.00    0.00
 111165.594    -2.681     0.00    0.00
 111455.159    -2.681     0.00    0.00
 111744.729    -2.681     0.00    0.00
 112034.306    -2.681     0.00    0.00
 112323.888    -2.681     0.00    0.00
 112613.477    -2.681     0.00    0.00
 112903.072    -2.681     0.00    0.00
 113192.673    -2.681     0.00    0.00
 113482.279    -2.681     0.00    0.00
 113771.892    -2.681     0.00    0.00
 114061.511    -2.681     0.00    0.00
 114351.136    -2.681     0.00    0.00
 114640.767    -2.681     0.00    0.00
 114930.404    -2.681     0.00    0.00
 115220.047    -2.681     0.00    0.00
 115509.696    -2.681     0.00    0.00
 115799.351    -2.681     0.00    0.00
 116089.012    -2.681     0.00    0.00
 116378.679    -2.681     0.00    0.00
 116668.353    -2.681     0.00    0.00
 116958.032    -2.681     0.00    0.00
 117247.717    -2.681     0.00    0.00
 117537.409    -2.681     0.00    0.00
 117827.106    -2.681     0.00    0.00
 118116.810    -2.681     0.00    0.00
 118406.519    -2.681     0.00    0.00
 118696.235    -2.681     0.00    0.00
 118985.956    -2.681     0.00    0.00
 119275.684    -2.681     0.00    0.00
 119565.418    -2.681     0.00    0.00
 119855.158    -2.681     0.00    0.00
 120144.904    -2.681     0.00    0.00
 120434.656    -2.681     0.00    0.00
 120724.414    -2.681     0.00    0.00
 121014.178    -2.681     0.00    0.00
 121303.948    -2.681     0.00    0.00
 121593.724    -2.681     0.00    0.00
 121883.507    -2.681     0.00    0.00
 122173.295    -2.681     0.00    0.00
 122463.089    -2.681     0.00    0.00
 122751.851    -2.681     0.00    0.00
 123040.351    -2.681     0.00    0.00
 123328.857    -2.681     0.00    0.00
 123617.370    -2.681     0.00    0.00
 123905.888    -2.681     0.00    0.00
 124194.412    -2.681     0.00    0.00
 124482.942    -2.681     0.00    0.00
 124771.479    -2.681     0.00    0.00
 125060.021    -2.681     0.00    0.00
 125348.569    -2.681     0.00    0.00
 125637.124    -2.681     0.00    0.00
 125925.684    -2.681     0.00    0.00
 126214.251    -2.681     0.00    0.00
 126502.823    -2.681     0.00    0.00
 126791.402    -2.681     0.00    0.00
 127079.986    -2.681     0.00    0.00
 127368.577    -2.681     0.00    0.00
 127657.174    -2.681     0.00    0.00
 127945.777    -2.681     0.00    0.00
 128234.385    -2.681     0.00    0.00
 128523.000    -2.681     0.00    0.00
 128811.621    -2.681     0.00    0.00
 129100.248    -2.681     0.00    0.00
 129388.881    -2.681     0.00    0.00
 129677.520    -2.681     0.00    0.00
 129966.165    -2.681     0.00    0.00
 130254.816    -2.681     0.00    0.00
 130543.473    -2.681     0.00    0.00
 130832.137    -2.681     0.00    0.00
 131120.806    -2.681     0.00    0.00
 131409.481    -2.681     0.00    0.00
 131698.163    -2.681     0.00    0.00
 131986.850    -2.681     0.00    0.00
 132275.544    -2.681     0.00    0.00
 132564.244    -2.681     0.00    0.00
 132852.949    -2.681     0.00    0.00
 133141.661    -2.681     0.00    0.00
 133430.379    -2.681     0.00    0.00
 133719.103    -2.681     0.00    0.00
 134007.833    -2.681     0.00    0.00
