#    2.164  -1.662   1.976 ;Mean Elev.(m), Avg Gradient(m/km), RMS Gradient(m/km) - SRTM1     
#   25.624  -0.344   2.229 ;Mean Elev.(m), Avg Gradient(m/km), RMS Gradient(m/km) - ASTER GDEM
#    2.681  -1.700   2.119 ;Mean Elev.(m), Avg Gradient(m/km), RMS Gradient(m/km) - GMTED2010 
   1 285.284461  10.871314     3.487     3.527  3 54660.56114782 46.963
   2 285.282048  10.871436     3.438     3.432  4 54670.47679319 42.580
   3 285.279465  10.868417     3.564     3.585  3 54680.39243596 37.439
   4 285.281344  10.869783     3.798     3.800  4 54690.30807882 49.743
   5 285.285132  10.870071     3.913     3.794  3 54700.22371936 48.913
   7 285.283797  10.869466     3.575     3.576  3 54720.05501536 38.036
   8 285.279718  10.869124     3.616     3.605  3 54729.97066366 37.442
   9 285.275186  10.866481     3.834     3.878  3 54739.88631022 48.370
  10 285.273324  10.865892     3.731     3.711  4 54749.80195758 50.733
  11 285.272712  10.865133     3.492     3.502  4 54759.71760485 43.304
  12 285.274112  10.866162     3.672     3.677  3 54769.63325034 51.623
  13 285.276044  10.867119     3.840     3.861  4 54779.54889242 50.446
  14 285.277277  10.866743     3.931     3.887  3 54789.46453142 37.330
  15 285.279161  10.869071     3.832     3.795  3 54799.38016967 46.180
  16 285.281448  10.870340     3.956     3.983  5 54809.29580766 36.524
  17 285.284725  10.871213     3.947     3.954  3 54819.21144563 32.720
  18 285.282858  10.870455     3.586     3.607  4 54829.12709739 34.618
  19 285.278814  10.867975     3.378     3.363  3 54839.04273533 34.905
  20 285.273937  10.866310     3.007     2.947  3 54848.95838384 35.863
  21 285.269763  10.863303     2.894     2.896  6 54858.87403187 34.951
  22 285.268163  10.862119     2.510     2.511  6 54868.78968070 32.483
  23 285.269067  10.862528     2.427     2.386  6 54878.70532921 46.542
  24 285.271549  10.864132     2.243     2.178  4 54888.62097487 35.502
  25 285.272000  10.865205     2.146     2.158  4 54898.53661680 33.152
  26 285.269676  10.862510     2.040     1.970  5 54908.45225490 38.406
  27 285.269478  10.862343     2.138     2.264  5 54918.36789215 37.907
  28 285.272902  10.865441     1.907     1.863  4 54928.28353013 32.425
  29 285.278036  10.867689     2.036     2.054  3 54938.19916735 27.976
  30 285.284058  10.871253     2.086     2.220  3 54948.11480322 23.108
  31 285.287364  10.871425     2.461     2.461  2 54958.03043890 31.693
  32 285.284540  10.870580     2.355     2.352  3 54967.94608683 30.609
  33 285.282058  10.870610     2.457     2.449  4 54977.86173419 27.000
  34 285.279411  10.868273     2.640     2.658  3 54987.77738114 31.894
  35 285.278820  10.868192     2.601     2.570  3 54997.69302892 45.944
  36 285.278247  10.867663     2.651     2.554  3 55007.60867479 32.983
  37 285.277608  10.867538     2.617     2.593  3 55017.52431851 45.303
  38 285.276009  10.866371     2.562     2.528  3 55027.43996033 43.999
  39 285.275546  10.866970     2.343     2.299  3 55037.35560195 30.531
  40 285.277570  10.867508     2.168     2.178  4 55047.27124271 27.882
  41 285.282698  10.870261     1.908     1.990  3 55057.18688227 23.069
  42 285.286611  10.870788     2.468     2.468  2 55067.10251940 29.182
  43 285.283434  10.869629     2.153     2.192  3 55077.01816906 25.602
  44 285.278373  10.867842     1.994     1.995  4 55086.93381616 25.921
  45 285.274090  10.865760     2.156     2.205  4 55096.84946193 27.798
  46 285.273235  10.865946     2.684     1.987  3 55106.76510819 23.930
  47 285.274326  10.866183     1.685     1.722  4 55116.68075418 34.912
  48 285.275854  10.866254     2.169     2.187  3 55126.59639781 37.681
  49 285.277004  10.867124     1.999     1.892  3 55136.51203903 28.229
  50 285.277591  10.867693     2.454     2.491  3 55146.42767789 32.223
  51 285.278677  10.868650     2.720     2.766  3 55156.34331589 38.883
  52 285.280232  10.868706     2.416     2.396  4 55166.25895376 30.339
  53 285.283551  10.870892     2.134     2.144  3 55176.17459189 30.866
  54 285.284435  10.869614     1.606     1.628  3 55186.09023364 29.070
  55 285.281535  10.870424     2.091     2.095  4 55196.00588464 25.857
  56 285.276163  10.867034     1.968     2.033  4 55205.92153353 25.950
  57 285.272840  10.865607     1.936     1.924  4 55215.83718254 27.625
  58 285.270906  10.863755     1.780     1.812  5 55225.75283109 25.737
  59 285.271798  10.865026     2.259     1.735  4 55235.66847828 24.394
  60 285.273663  10.866071     1.667     1.661  4 55245.58412202 26.061
  61 285.273499  10.865608     1.688     1.720  3 55255.49976226 25.944
  62 285.272233  10.865152     2.542     1.452  3 55265.41540063 26.323
  63 285.272695  10.866269     2.398     1.534  4 55275.33103841 24.901
  64 285.275655  10.866795     2.485     2.992  3 55285.24667544 23.748
  65 285.282108  10.871088     2.219     2.132  4 55295.16231171 24.536
  66 285.284792  10.870743     2.220     2.220  2 55305.07795029 27.567
  67 285.282733  10.870452     1.857     1.875  3 55314.99359694 28.072
  68 285.280166  10.869330     1.841     1.836  3 55324.90924194 24.704
  69 285.278283  10.867658     2.117     2.047  3 55334.82488584 32.771
  70 285.277859  10.867616     2.324     2.307  3 55344.74052990 43.235
  71 285.278294  10.867990     2.687     2.587  4 55354.65617333 49.067
  72 285.278855  10.868031     2.741     2.711  4 55364.57181449 39.442
  73 285.279987  10.869213     3.118     2.926  4 55374.48745413 51.390
  74 285.281528  10.870069     3.071     3.025  4 55384.40309238 51.163
  75 285.283553  10.870902     3.260     3.306  3 55394.31872970 48.808
  76 285.286316  10.871029     3.355     3.355  2 55404.23436761 44.044
  77 285.284354  10.870250     3.379     3.364  3 55414.15001847 41.784
  78 285.282956  10.871160     3.601     3.596  4 55424.06566688 37.002
  79 285.280596  10.869667     3.561     3.592  3 55433.98131232 44.277
  80 285.277192  10.867179     3.593     3.558  3 55443.89695621 40.303
  81 285.275375  10.866438     3.670     3.647  4 55453.81259955 42.402
  82 285.276261  10.867387     3.769     3.708  3 55463.72824274 50.328
  83 285.279014  10.867992     3.862     3.823  4 55473.64388368 43.390
  84 285.282690  10.870764     4.050     4.083  4 55483.55952218 40.595
  85 285.284178  10.870590     4.069     4.037  3 55493.47515759 48.736
  86 285.285438  10.870263     3.863     3.885  3 55503.39079137 49.201
  87 285.283086  10.869825     3.877     3.920  3 55513.30643835 45.020
  88 285.281686  10.870619     3.930     3.957  4 55523.22208775 39.680
  89 285.279552  10.868495     3.816     3.850  3 55533.13773491 41.428
  90 285.277748  10.867304     3.736     3.658  3 55543.05338073 33.565
  91 285.276118  10.866756     3.780     3.800  3 55552.96902489 35.319
  92 285.274826  10.866568     3.847     3.801  4 55562.88466819 34.563
  93 285.275626  10.866802     3.556     3.538  3 55572.80031121 32.384
  94 285.277575  10.867121     3.595     3.641  3 55582.71595311 45.334
  95 285.280960  10.869852     2.831     2.823  4 55592.63159219 36.811
  96 285.283310  10.869626     2.223     2.057  3 55602.54722709 48.988
  97 285.285535  10.870136     2.212     2.281  3 55612.46285974 31.616
  99 285.283508  10.870407     1.851     1.748  3 55632.29414656 28.506
 100 285.282083  10.870137     1.762     1.826  4 55642.20979653 27.826
 101 285.281706  10.869515     2.015     1.955  4 55652.12544373 28.375
 102 285.281518  10.869608     1.753     1.656  4 55662.04108715 27.700
 103 285.280507  10.869582     2.725     2.754  4 55671.95672756 30.851
 104 285.279758  10.868749     3.079     3.126  4 55681.87236659 34.190
 105 285.282171  10.870413     3.424     3.399  3 55691.78800489 34.450
 106 285.285394  10.870706     3.575     3.608  3 55701.70364132 34.505
 107 285.286464  10.870935     3.904     3.904  2 55711.61928346 48.760
 108 285.283270  10.870653     3.663     3.653  3 55721.53493277 35.362
 109 285.279774  10.869345     3.670     3.654  3 55731.45057960 37.147
 110 285.277626  10.867214     3.681     3.689  3 55741.36622491 45.003
 111 285.277931  10.867648     3.384     3.290  3 55751.28186964 33.750
 112 285.280430  10.869572     3.282     3.291  4 55761.19751252 34.692
 113 285.282587  10.870418     3.487     3.532  4 55771.11315238 42.819
 114 285.283956  10.870669     2.840     2.854  3 55781.02878874 31.626
 115 285.285397  10.870697     2.808     2.808  2 55790.94442275 30.063
 117 285.285992  10.871242     3.261     3.261  2 55810.77570565 49.749
 118 285.285019  10.870783     2.603     2.603  2 55820.69135473 29.590
 119 285.285573  10.870574     2.771     2.724  3 55830.60699926 37.323
 120 285.286508  10.871351     2.611     2.611  2 55840.52263935 42.445
 121 285.286030  10.870121     2.898     2.898  2 55850.43827562 35.003
 122 285.286892  10.870327     3.188     3.188  2 55860.35391000 32.351
 123 285.284018  10.870512     3.537     3.554  4 55870.26956087 49.015
 124 285.282998  10.869897     3.627     3.447  3 55880.18521122 50.591
 125 285.283430  10.869848     3.391     3.388  3 55890.10085520 41.699
 126 285.284695  10.870950     3.368     3.368  3 55900.01649383 33.508
 127 285.286178  10.870731     3.608     3.670  3 55909.93212764 32.736
 128 285.281989  10.871423     3.919     3.939  4 55919.84777987 38.801
 129 285.278166  10.867326     3.683     3.652  3 55929.76343176 32.651
 130 285.278539  10.868309     3.375     3.291  3 55939.67908133 34.507
 131 285.278540  10.867981     3.087     3.098  4 55949.59472575 40.488
 132 285.277656  10.866690     2.558     2.608  3 55959.51036540 36.065
 133 285.277802  10.867396     2.163     2.170  3 55969.42600283 31.944
 134 285.279912  10.868504     2.017     1.984  4 55979.34163926 30.194
 135 285.284921  10.871610     1.852     1.676  3 55989.25727552 31.088
 136 285.286643  10.870833     1.438     1.438  2 55999.17291746 28.894
 137 285.284708  10.870527     1.588     1.453  3 56009.08856771 28.496
 138 285.282163  10.869784     1.651     1.635  4 56019.00421383 30.390
 139 285.278507  10.867384     1.780     1.812  3 56028.91985680 30.060
 140 285.276803  10.866829     2.193     2.185  3 56038.83549879 31.503
 141 285.278505  10.867744     2.681     2.628  3 56048.75113940 43.466
 142 285.282908  10.871107     2.809     2.773  4 56058.66677802 38.809
 144 285.283979  10.870565     3.270     3.263  4 56078.49806268 47.945
 145 285.279587  10.868484     2.985     2.926  4 56088.41371005 30.728
 146 285.277725  10.867842     2.572     2.575  3 56098.32935528 36.617
 147 285.278733  10.868222     2.325     2.341  3 56108.24499867 29.673
 148 285.281978  10.869792     2.154     2.178  4 56118.16062811 34.689
 149 285.285412  10.870374     2.033     2.033  2 56128.07626538 23.171
 151 285.284373  10.870473     1.953     1.989  3 56147.90754556 24.014
 152 285.281515  10.870103     2.060     2.046  4 56157.82319475 27.528
 153 285.280507  10.869276     2.524     2.312  3 56167.73884306 48.729
 154 285.281825  10.870927     2.610     2.486  4 56177.65448938 48.649
 155 285.283038  10.870994     2.047     2.033  4 56187.57013066 43.771
 156 285.283289  10.870007     2.030     2.104  3 56197.48576788 42.892
 157 285.284496  10.871088     2.138     2.062  3 56207.40140243 45.761
 158 285.286599  10.871476     2.445     2.445  2 56217.31703512 47.013
 159 285.286847  10.871071     2.743     2.743  2 56227.23267786 45.912
 160 285.285044  10.871067     2.529     2.504  3 56237.14833210 36.756
 161 285.282886  10.869909     2.459     2.415  3 56247.06398237 47.343
 162 285.281376  10.869792     2.640     2.625  4 56256.97962809 35.614
 163 285.279562  10.868155     2.470     2.516  3 56266.89527019 32.940
 164 285.279538  10.869051     2.220     2.145  3 56276.81091145 31.172
 165 285.278388  10.868340     2.006     1.953  3 56286.72655918 40.534
 166 285.277820  10.867872     1.667     1.590  3 56296.64220932 35.649
 167 285.277289  10.867441     1.536     1.612  4 56306.55785534 50.389
 168 285.276161  10.866572     1.319     1.134  3 56316.47349785 31.702
 169 285.275624  10.867074     1.276     1.175  3 56326.38913871 36.043
 170 285.276770  10.866851     1.252     1.255  3 56336.30477841 33.860
 171 285.281349  10.870460     1.423     1.254  5 56346.22041777 31.938
 172 285.285459  10.870972     1.226     1.230  3 56356.13605404 28.758
 173 285.283627  10.869938     1.540     1.607  3 56366.05170041 23.970
 174 285.279788  10.868775     1.544     1.551  3 56375.96734845 28.584
 176 285.274854  10.866088     1.385     1.371  3 56395.79863728 27.830
 177 285.276448  10.866837     1.468     1.408  3 56405.71427934 32.438
 178 285.280261  10.869330     1.820     1.874  4 56415.62991861 34.963
 179 285.285181  10.870690     2.130     1.878  3 56425.54555275 37.624
 180 285.282818  10.870008     2.290     2.210  4 56435.46120082 46.986
 181 285.277890  10.867995     2.505     2.503  3 56445.37685144 48.216
 182 285.274937  10.866245     2.673     2.724  3 56455.29249977 41.263
 183 285.274875  10.866735     2.589     2.570  4 56465.20814579 42.772
 184 285.276559  10.867026     2.421     2.418  4 56475.12378829 36.014
 185 285.279562  10.868574     2.269     2.320  4 56485.03942785 33.878
 186 285.282321  10.871161     1.811     1.840  4 56494.95506488 31.401
 187 285.283790  10.869555     1.681     1.651  3 56504.87069935 36.330
 189 285.286050  10.870403     1.984     1.983  3 56524.70198599 36.438
 190 285.284301  10.870715     2.197     2.156  3 56534.61763746 40.957
 192 285.279044  10.868933     2.281     2.243  3 56554.44892876 40.752
 193 285.277413  10.867344     2.400     2.532  3 56564.36457086 48.528
 194 285.278242  10.867718     2.341     2.330  4 56574.28021218 39.585
 195 285.281757  10.869805     2.506     2.515  4 56584.19585145 45.957
 196 285.286275  10.869773     2.634     2.634  2 56594.11148634 38.791
 197 285.283182  10.870486     2.557     2.521  3 56604.02713954 43.385
 198 285.279885  10.868981     2.603     2.571  3 56613.94278769 37.279
 199 285.278410  10.867821     2.516     2.444  3 56623.85843234 36.005
 200 285.278807  10.868190     2.506     2.492  4 56633.77407475 34.276
 201 285.282255  10.869721     2.727     2.757  4 56643.68971294 44.529
 202 285.279761  10.868564     2.441     2.455  4 56653.60536503 39.584
 203 285.277551  10.867570     2.341     2.228  3 56663.52101399 46.939
 204 285.275970  10.867200     1.939     1.805  4 56673.43666009 43.638
 205 285.274772  10.865887     1.893     2.102  3 56683.35230441 38.555
 206 285.276264  10.866584     1.559     1.483  4 56693.26794714 33.670
 207 285.281309  10.870809     1.432     1.446  4 56703.18358666 32.497
 208 285.285092  10.870036     1.387     1.384  3 56713.09921991 30.744
 209 285.281796  10.869492     1.590     1.619  4 56723.01486742 34.568
 210 285.275954  10.866428     1.640     1.656  3 56732.93051723 26.229
 211 285.273020  10.865160     1.751     1.777  4 56742.84616436 28.907
 212 285.274243  10.865887     1.553     1.527  4 56752.76180797 26.985
 213 285.279152  10.868630     1.593     1.543  4 56762.67744698 45.664
 214 285.284571  10.869869     1.947     2.029  3 56772.59307943 37.743
 215 285.278433  10.867960     2.145     2.168  4 56782.50873620 47.966
 216 285.272781  10.865109     2.053     2.058  4 56792.42438892 48.333
 217 285.268531  10.862060     2.211     2.116  5 56802.34003869 36.812
 218 285.270600  10.864434     2.165     2.181  5 56812.25568240 36.608
 219 285.273963  10.866036     2.280     2.319  3 56822.17132221 39.127
 220 285.278014  10.867083     1.974     2.005  3 56832.08695787 31.983
 221 285.283411  10.870671     1.949     1.973  4 56842.00259096 32.833
 222 285.284200  10.869532     1.681     1.661  3 56851.91822945 31.175
 223 285.280254  10.868819     1.497     1.499  4 56861.83388346 30.838
 224 285.277402  10.867247     1.599     1.530  4 56871.74953688 36.107
 225 285.276062  10.866516     1.764     1.582  4 56881.66518762 44.253
 226 285.274898  10.865972     1.704     1.690  4 56891.58083467 44.518
 227 285.272910  10.865605     1.754     1.774  4 56901.49647849 35.546
 228 285.270262  10.863942     1.759     1.705  5 56911.41211981 41.361
 229 285.271315  10.864833     1.766     1.760  5 56921.32776023 40.413
 230 285.275607  10.866386     1.989     2.000  4 56931.24339888 37.047
 231 285.282679  10.870043     2.144     2.070  3 56941.15903316 40.430
 232 285.285095  10.870341     2.412     2.412  2 56951.07467387 41.349
 233 285.281395  10.870534     2.450     2.322  4 56960.99032513 42.083
 234 285.277030  10.867086     2.337     2.333  3 56970.90597087 38.850
 235 285.276898  10.867044     2.495     2.480  4 56980.82161389 37.657
 236 285.280731  10.869645     2.664     2.685  4 56990.73725346 40.586
 237 285.286719  10.870552     2.987     2.987  2 57000.65288649 43.451
 238 285.283162  10.870869     2.578     2.512  3 57010.56854281 42.355
 239 285.278777  10.867990     2.267     2.227  3 57020.48419408 39.111
 240 285.276058  10.867237     1.813     1.803  4 57030.39984266 34.517
 241 285.275068  10.866629     1.714     1.726  4 57040.31548941 34.313
 242 285.275879  10.866139     1.622     1.676  3 57050.23113412 33.074
 243 285.279309  10.867934     1.382     1.343  3 57060.14677550 32.406
 244 285.283249  10.870582     1.564     1.547  4 57070.06241154 31.734
 245 285.285413  10.870621     1.433     1.381  3 57079.97804282 32.295
 246 285.284918  10.871283     1.295     1.285  3 57089.89368230 29.354
 247 285.278409  10.868317     1.206     1.217  3 57099.80933939 31.090
 248 285.275575  10.866370     1.687     1.699  3 57109.72499396 32.475
 249 285.276902  10.867535     1.597     1.613  3 57119.64064402 31.122
 250 285.277596  10.867318     1.952     1.917  3 57129.55628764 48.959
 251 285.278338  10.867976     2.300     2.138  3 57139.47192577 40.589
 252 285.280216  10.869234     2.127     2.130  4 57149.38756026 43.791
 253 285.284188  10.869445     1.936     1.993  3 57159.30319175 39.897
 254 285.283930  10.870039     1.991     2.137  3 57169.21884198 38.106
 255 285.282141  10.870285     1.939     1.949  4 57179.13449713 37.471
 256 285.279814  10.869014     1.914     1.934  3 57189.05014794 37.167
 257 285.277519  10.867774     1.603     1.651  3 57198.96579518 31.762
 258 285.275916  10.866800     1.576     1.627  3 57208.88142914 30.023
 259 285.276089  10.866820     1.390     1.428  3 57218.79707374 31.095
 260 285.278112  10.868237     1.491     1.473  3 57228.71271781 34.667
 261 285.280428  10.869263     1.446     1.459  4 57238.62835961 30.511
 262 285.282716  10.870147     1.528     1.519  3 57248.54399812 37.611
 263 285.284154  10.870358     1.694     1.673  3 57258.45963370 36.875
 264 285.285395  10.870171     2.285     2.285  2 57268.37526777 36.226
 265 285.283446  10.869830     1.798     1.854  3 57278.29091638 32.526
 266 285.281394  10.869603     1.563     1.569  4 57288.20657195 34.710
 267 285.280027  10.869207     1.703     1.675  3 57298.12222473 35.417
 268 285.278733  10.868049     1.562     1.552  4 57308.03787394 39.005
 269 285.275833  10.866254     1.808     1.776  3 57317.95351949 35.660
 270 285.273431  10.865608     1.728     1.766  3 57327.86916239 37.221
 271 285.273686  10.865633     1.931     1.904  4 57337.78480364 38.053
 272 285.273746  10.866113     1.908     1.880  4 57347.70045252 39.588
 273 285.274554  10.865877     2.083     2.137  3 57357.61609966 37.214
 274 285.275866  10.866548     1.715     1.763  3 57367.53174356 43.403
 275 285.276815  10.867217     1.530     1.566  4 57377.44738407 33.332
 276 285.278805  10.868670     1.399     1.420  3 57387.36302276 29.764
 277 285.282042  10.869809     1.161     1.131  4 57397.27866061 30.070
 278 285.286157  10.870490     1.161     1.216  3 57407.19429713 30.841
 279 285.284564  10.871015     1.144     1.141  3 57417.10994858 28.020
 280 285.281627  10.870843     0.920     0.912  4 57427.02559912 31.599
 281 285.277014  10.867637     1.207     1.292  3 57436.94124633 28.556
 282 285.274306  10.866063     1.272     1.266  3 57446.85689265 27.672
 283 285.273957  10.866050     1.243     1.228  4 57456.77253862 28.955
 284 285.276198  10.866877     1.252     1.203  4 57466.68818254 31.962
 285 285.281227  10.870613     1.264     1.319  4 57476.60382330 41.532
 286 285.284112  10.870919     1.555     1.445  3 57486.51945966 38.213
 287 285.286200  10.871230     1.977     1.977  2 57496.43509327 39.061
 289 285.282914  10.870721     2.004     1.929  4 57516.26638413 43.094
 290 285.281165  10.870389     1.862     1.857  4 57526.18203697 42.568
 291 285.280368  10.869355     1.729     1.784  3 57536.09768734 41.298
 292 285.278923  10.868026     1.747     1.785  3 57546.01333496 36.212
 293 285.276970  10.866488     1.768     1.837  3 57555.92898096 33.679
 294 285.276717  10.867746     1.756     1.815  3 57565.84462654 36.544
 295 285.276997  10.867664     1.801     1.661  3 57575.76027128 46.149
 296 285.278185  10.868449     1.678     1.717  3 57585.67591542 48.056
 297 285.278918  10.868193     1.639     1.661  3 57595.59155711 35.265
