#    2.164  -1.662   1.976 ;Mean Elev.(m), Avg Gradient(m/km), RMS Gradient(m/km) - SRTM1     
#   25.624  -0.344   2.229 ;Mean Elev.(m), Avg Gradient(m/km), RMS Gradient(m/km) - ASTER GDEM
#    2.681  -1.700   2.119 ;Mean Elev.(m), Avg Gradient(m/km), RMS Gradient(m/km) - GMTED2010 
   1     3.590 54660.56114723 45.91 285.283528  10.868822   -100 -100.00 -100.00 -100.00
   1     3.527 54660.56114782 46.85 285.284461  10.871314   -100 -100.00 -100.00 -100.00
   1     3.344 54660.56114841 47.90 285.285393  10.873805   -100 -100.00 -100.00 -100.00
   2     3.441 54670.47679230 42.49 285.280650  10.867699   -100 -100.00 -100.00 -100.00
   2     3.510 54670.47679289 40.05 285.281582  10.870191   -100 -100.00 -100.00 -100.00
   2     3.378 54670.47679348 43.23 285.282514  10.872682   -100 -100.00 -100.00 -100.00
   2     3.424 54670.47679407 43.72 285.283446  10.875174   -100 -100.00 -100.00 -100.00
   3     3.743 54680.39243537 32.41 285.278533  10.865926 15.624 -100.00 -100.00 -100.00
   3     3.585 54680.39243596 36.41 285.279465  10.868417 30.588 -100.00 -100.00 -100.00
   3     3.366 54680.39243655 40.22 285.280397  10.870909   -100 -100.00 -100.00 -100.00
   4     3.849 54690.30807794 46.08 285.279947  10.866046   -100 -100.00 -100.00 -100.00
   4     3.906 54690.30807853 48.72 285.280879  10.868538   -100 -100.00 -100.00 -100.00
   4     3.689 54690.30807912 50.82 285.281810  10.871029   -100 -100.00 -100.00 -100.00
   4     3.750 54690.30807971 51.50 285.282742  10.873520   -100 -100.00 -100.00 -100.00
   5     3.744 54700.22371877 46.18 285.284200  10.867580   -100 -100.00 -100.00 -100.00
   5     4.202 54700.22371936 47.80 285.285132  10.870071 30.047 -100.00 -100.00 -100.00
   5     3.794 54700.22371995 51.20 285.286064  10.872562   -100 -100.00 -100.00 -100.00
   7     3.590 54720.05501477 35.18 285.282865  10.866975 25.244 -100.00 -100.00 -100.00
   7     3.576 54720.05501536 35.46 285.283797  10.869466 27.756 -100.00 -100.00 -100.00
   7     3.558 54720.05501595 40.89 285.284729  10.871957   -100 -100.00 -100.00 -100.00
   8     3.605 54729.97066307 33.59 285.278786  10.866632 18.641 -100.00 -100.00 -100.00
   8     3.462 54729.97066366 36.23 285.279718  10.869124   -100 -100.00 -100.00 -100.00
   8     3.780 54729.97066426 40.07 285.280651  10.871615   -100 -100.00 -100.00 -100.00
   9     3.878 54739.88630963 46.20 285.274254  10.863990   -100 -100.00 -100.00 -100.00
   9     4.006 54739.88631022 49.15 285.275186  10.866481   -100 -100.00 -100.00 -100.00
   9     3.617 54739.88631081 49.15 285.276118  10.868973 16.938 -100.00 -100.00 -100.00
  10     3.894 54749.80195669 49.21 285.271926  10.862154   -100 -100.00 -100.00 -100.00
  10     3.772 54749.80195728 50.89 285.272858  10.864646   -100 -100.00 -100.00 -100.00
  10     3.610 54749.80195788 53.10 285.273790  10.867137 24.707 -100.00 -100.00 -100.00
  10     3.650 54749.80195847 48.01 285.274722  10.869629   -100 -100.00 -100.00 -100.00
  11     3.434 54759.71760397 43.40 285.271314  10.861396  7.847 -100.00 -100.00 -100.00
  11     3.506 54759.71760456 39.46 285.272246  10.863888   -100 -100.00 -100.00 -100.00
  11     3.499 54759.71760515 46.19 285.273178  10.866379 19.480 -100.00 -100.00 -100.00
  11     3.529 54759.71760574 41.24 285.274110  10.868870   -100 -100.00 -100.00 -100.00
  12     3.605 54769.63324975 49.14 285.273180  10.863671 11.092 -100.00 -100.00 -100.00
  12     3.677 54769.63325034 52.06 285.274112  10.866162 14.424 -100.00 -100.00 -100.00
  12     3.735 54769.63325093 52.86 285.275044  10.868654  5.733 -100.00 -100.00 -100.00
  13     3.923 54779.54889153 48.84 285.274646  10.863381   -100 -100.00 -100.00 -100.00
  13     3.911 54779.54889212 49.61 285.275578  10.865873   -100 -100.00 -100.00 -100.00
  13     3.714 54779.54889271 52.99 285.276510  10.868364 18.321 -100.00 -100.00 -100.00
  13     3.810 54779.54889330 48.82 285.277442  10.870856   -100 -100.00 -100.00 -100.00
  14     4.058 54789.46453083 37.91 285.276345  10.864251 24.917 -100.00 -100.00 -100.00
  14     3.848 54789.46453142 35.34 285.277277  10.866743 17.567 -100.00 -100.00 -100.00
  14     3.887 54789.46453201 38.21 285.278209  10.869234 24.843 -100.00 -100.00 -100.00
  15     3.795 54799.38016908 44.42 285.278229  10.866580   -100 -100.00 -100.00 -100.00
  15     4.000 54799.38016967 46.66 285.279161  10.869071   -100 -100.00 -100.00 -100.00
  15     3.702 54799.38017026 47.03 285.280093  10.871563   -100 -100.00 -100.00 -100.00
  16     4.192 54809.29580647 35.50 285.279583  10.865357 21.159 -100.00 -100.00 -100.00
  16     4.054 54809.29580707 35.34 285.280516  10.867849 20.998 -100.00 -100.00 -100.00
  16     3.983 54809.29580766 36.00 285.281448  10.870340 20.769 -100.00 -100.00 -100.00
  16     3.716 54809.29580825 37.23 285.282380  10.872832 29.255 -100.00 -100.00 -100.00
  16     3.836 54809.29580884 37.94 285.283312  10.875323 29.179 -100.00 -100.00 -100.00
  17     4.009 54819.21144504 33.64 285.283792  10.868722 14.457 -100.00 -100.00 -100.00
  17     3.954 54819.21144563 32.46 285.284725  10.871213 14.678 -100.00 -100.00 -100.00
  17     3.876 54819.21144622 31.87 285.285657  10.873705 10.924 -100.00 -100.00 -100.00
  18     3.759 54829.12709651 34.20 285.281460  10.866718 17.477 -100.00 -100.00 -100.00
  18     3.533 54829.12709710 32.91 285.282392  10.869210 15.785 -100.00 -100.00 -100.00
  18     3.682 54829.12709769 33.43 285.283324  10.871701 18.163 -100.00 -100.00 -100.00
  18     3.369 54829.12709828 36.81 285.284256  10.874193 30.297 -100.00 -100.00 -100.00
  19     3.428 54839.04273474 31.86 285.277882  10.865483 17.241 -100.00 -100.00 -100.00
  19     3.363 54839.04273533 34.22 285.278814  10.867975 26.134 -100.00 -100.00 -100.00
  19     3.343 54839.04273593 37.08 285.279746  10.870467   -100 -100.00 -100.00 -100.00
  20     3.208 54848.95838325 32.83 285.273004  10.863818 24.812 -100.00 -100.00 -100.00
  20     2.867 54848.95838384 35.46 285.273937  10.866310   -100 -100.00 -100.00 -100.00
  20     2.947 54848.95838443 37.88 285.274869  10.868802   -100 -100.00 -100.00 -100.00
  21     2.794 54858.87403040 36.34 285.267433  10.857074   -100 -100.00 -100.00 -100.00
  21     2.799 54858.87403099 34.60 285.268365  10.859566   -100 -100.00 -100.00 -100.00
  21     2.863 54858.87403158 33.62 285.269297  10.862057   -100 -100.00 -100.00 -100.00
  21     2.937 54858.87403217 31.38 285.270229  10.864549 19.585 -100.00 -100.00 -100.00
  21     2.974 54858.87403276 33.39 285.271161  10.867041 28.412 -100.00 -100.00 -100.00
  21     2.997 54858.87403335 37.57 285.272093  10.869533   -100 -100.00 -100.00 -100.00
  22     2.469 54868.78967922 30.73 285.265833  10.855889 24.083 -100.00 -100.00 -100.00
  22     2.475 54868.78967981 32.21 285.266765  10.858381 28.895 -100.00 -100.00 -100.00
  22     2.496 54868.78968040 28.76 285.267697  10.860873 17.326 -100.00 -100.00 -100.00
  22     2.523 54868.78968099 31.86 285.268629  10.863365 26.915 -100.00 -100.00 -100.00
  22     2.516 54868.78968158 31.80 285.269561  10.865857 25.070 -100.00 -100.00 -100.00
  22     2.582 54868.78968217 36.00 285.270493  10.868349   -100 -100.00 -100.00 -100.00
  23     2.502 54878.70532774 43.90 285.266737  10.856298  1.832 -100.00 -100.00 -100.00
  23     2.569 54878.70532833 44.03 285.267669  10.858790   -100 -100.00 -100.00 -100.00
  23     2.677 54878.70532892 45.14 285.268601  10.861282   -100 -100.00 -100.00 -100.00
  23     2.299 54878.70532951 47.12 285.269533  10.863774 13.165 -100.00 -100.00 -100.00
  23     2.248 54878.70533010 50.31 285.270465  10.866266   -100 -100.00 -100.00 -100.00
  23     2.269 54878.70533069 44.65 285.271397  10.868758 24.890 -100.00 -100.00 -100.00
  24     2.480 54888.62097399 37.22 285.270151  10.860394   -100 -100.00 -100.00 -100.00
  24     2.137 54888.62097458 33.89 285.271083  10.862886   -100 -100.00 -100.00 -100.00
  24     2.190 54888.62097517 32.37 285.272015  10.865378 27.676 -100.00 -100.00 -100.00
  24     2.167 54888.62097576 36.77 285.272947  10.867870   -100 -100.00 -100.00 -100.00
  25     2.224 54898.53661591 34.76 285.270601  10.861468   -100 -100.00 -100.00 -100.00
  25     2.317 54898.53661650 28.56 285.271534  10.863959 17.370 -100.00 -100.00 -100.00
  25     1.950 54898.53661709 31.86 285.272466  10.866451 32.291 -100.00 -100.00 -100.00
  25     2.092 54898.53661768 34.80 285.273398  10.868943   -100 -100.00 -100.00 -100.00
  26     2.166 54908.45225372 43.68 285.267812  10.857527   -100 -100.00 -100.00 -100.00
  26     2.207 54908.45225431 35.16 285.268744  10.860018 20.784 -100.00 -100.00 -100.00
  26     1.970 54908.45225490 36.31 285.269676  10.862510   -100 -100.00 -100.00 -100.00
  26     1.860 54908.45225549 33.17 285.270609  10.865002 20.794 -100.00 -100.00 -100.00
  26     1.995 54908.45225608 32.23 285.271541  10.867494 17.793 -100.00 -100.00 -100.00
  27     2.228 54918.36789097 41.06 285.267614  10.857359   -100 -100.00 -100.00 -100.00
  27     1.952 54918.36789156 36.65 285.268546  10.859851   -100 -100.00 -100.00 -100.00
  27     1.923 54918.36789215 37.06 285.269478  10.862343   -100 -100.00 -100.00 -100.00
  27     2.286 54918.36789274 35.41 285.270410  10.864834   -100 -100.00 -100.00 -100.00
  27     2.300 54918.36789333 36.93 285.271343  10.867326   -100 -100.00 -100.00 -100.00
  28     2.095 54928.28352925 32.67 285.271504  10.861703   -100 -100.00 -100.00 -100.00
  28     1.892 54928.28352984 30.89 285.272436  10.864195   -100 -100.00 -100.00 -100.00
  28     1.806 54928.28353043 33.06 285.273369  10.866687   -100 -100.00 -100.00 -100.00
  28     1.835 54928.28353102 32.77 285.274301  10.869179   -100 -100.00 -100.00 -100.00
  29     2.330 54938.19916675 25.85 285.277104  10.865198 14.700 -100.00 -100.00 -100.00
  29     2.054 54938.19916735 27.80 285.278036  10.867689 18.735 -100.00 -100.00 -100.00
  29     1.723 54938.19916794 29.52 285.278968  10.870181 27.645 -100.00 -100.00 -100.00
  30     2.230 54948.11480263 24.14 285.283126  10.868761 11.288 -100.00 -100.00 -100.00
  30     2.220 54948.11480322 21.55 285.284058  10.871253  7.007 -100.00 -100.00 -100.00
  30     1.807 54948.11480381 23.25 285.284990  10.873744  9.283 -100.00 -100.00 -100.00
  31     2.538 54958.03043860 28.84 285.286898  10.870179 15.751 -100.00 -100.00 -100.00
  31     2.385 54958.03043919 33.40 285.287830  10.872671   -100 -100.00 -100.00 -100.00
  32     2.290 54967.94608624 27.73 285.283608  10.868088 15.252 -100.00 -100.00 -100.00
  32     2.424 54967.94608683 26.52 285.284540  10.870580 14.273 -100.00 -100.00 -100.00
  32     2.352 54967.94608742 33.82 285.285472  10.873071   -100 -100.00 -100.00 -100.00
  33     2.643 54977.86173330 29.17 285.280660  10.866873 21.680 -100.00 -100.00 -100.00
  33     2.418 54977.86173389 26.06 285.281592  10.869365 13.191 -100.00 -100.00 -100.00
  33     2.480 54977.86173448 23.96 285.282524  10.871856  9.339 -100.00 -100.00 -100.00
  33     2.287 54977.86173507 27.21 285.283456  10.874348 15.969 -100.00 -100.00 -100.00
  34     2.710 54987.77738055 31.68 285.278479  10.865781 15.689 -100.00 -100.00 -100.00
  34     2.553 54987.77738114 32.82 285.279411  10.868273 21.832 -100.00 -100.00 -100.00
  34     2.658 54987.77738173 30.98 285.280343  10.870765 16.065 -100.00 -100.00 -100.00
  35     2.735 54997.69302833 44.58 285.277887  10.865701   -100 -100.00 -100.00 -100.00
  35     2.497 54997.69302892 47.22 285.278820  10.868192   -100 -100.00 -100.00 -100.00
  35     2.570 54997.69302951 45.62 285.279752  10.870684   -100 -100.00 -100.00 -100.00
  36     2.894 55007.60867420 33.33 285.277315  10.865172 27.418 -100.00 -100.00 -100.00
  36     2.554 55007.60867479 34.72 285.278247  10.867663   -100 -100.00 -100.00 -100.00
  36     2.504 55007.60867538 29.27 285.279179  10.870155 14.752 -100.00 -100.00 -100.00
  37     2.797 55017.52431792 44.99 285.276676  10.865046   -100 -100.00 -100.00 -100.00
  37     2.463 55017.52431851 43.19 285.277608  10.867538   -100 -100.00 -100.00 -100.00
  37     2.593 55017.52431910 46.93 285.278540  10.870030 13.579 -100.00 -100.00 -100.00
  38     2.748 55027.43995974 40.73 285.275077  10.863879   -100 -100.00 -100.00 -100.00
  38     2.411 55027.43996033 43.15 285.276009  10.866371  9.055 -100.00 -100.00 -100.00
  38     2.528 55027.43996092 46.32 285.276941  10.868862 24.911 -100.00 -100.00 -100.00
  39     2.451 55037.35560136 32.16 285.274614  10.864478 32.479 -100.00 -100.00 -100.00
  39     2.299 55037.35560195 28.93 285.275546  10.866970 20.033 -100.00 -100.00 -100.00
  39     2.277 55037.35560254 29.84 285.276478  10.869461 23.589 -100.00 -100.00 -100.00
  40     2.283 55047.27124183 30.02 285.276172  10.863771 30.626 -100.00 -100.00 -100.00
  40     2.310 55047.27124242 26.61 285.277104  10.866263 17.728 -100.00 -100.00 -100.00
  40     2.007 55047.27124301 27.33 285.278036  10.868754 20.395 -100.00 -100.00 -100.00
  40     2.073 55047.27124360 26.56 285.278968  10.871246 16.728 -100.00 -100.00 -100.00
  41     1.674 55057.18688168 25.31 285.281766  10.867770 17.116 -100.00 -100.00 -100.00
  41     1.990 55057.18688227 21.76 285.282698  10.870261  9.961 -100.00 -100.00 -100.00
  41     2.060 55057.18688286 20.74 285.283630  10.872753  7.958 -100.00 -100.00 -100.00
  42     2.409 55067.10251911 30.61 285.286145  10.869543 28.435 -100.00 -100.00 -100.00
  42     2.528 55067.10251970 27.04 285.287077  10.872034 15.533 -100.00 -100.00 -100.00
  43     1.858 55077.01816847 27.23 285.282502  10.867138 18.167 -100.00 -100.00 -100.00
  43     2.192 55077.01816906 23.38 285.283434  10.869629  9.822 -100.00 -100.00 -100.00
  43     2.407 55077.01816965 25.36 285.284366  10.872121 13.775 -100.00 -100.00 -100.00
  44     2.065 55086.93381528 30.21 285.276975  10.864105   -100 -100.00 -100.00 -100.00
  44     2.197 55086.93381587 21.43 285.277907  10.866596  9.165 -100.00 -100.00 -100.00
  44     1.925 55086.93381646 22.23 285.278839  10.869087  9.907 -100.00 -100.00 -100.00
  44     1.789 55086.93381705 23.18 285.279771  10.871578 11.429 -100.00 -100.00 -100.00
  45     1.930 55096.84946104 32.54 285.272692  10.862023   -100 -100.00 -100.00 -100.00
  45     2.176 55096.84946163 24.39 285.273624  10.864514 14.348 -100.00 -100.00 -100.00
  45     2.283 55096.84946222 21.67 285.274556  10.867006  8.819 -100.00 -100.00 -100.00
  45     2.235 55096.84946281 22.85 285.275488  10.869497 10.878 -100.00 -100.00 -100.00
  46     1.859 55106.76510760 25.33 285.272303  10.863454 19.948 -100.00 -100.00 -100.00
  46     4.205 55106.76510819 20.76 285.273235  10.865946  8.742 -100.00 -100.00 -100.00
  46     1.987 55106.76510878 24.49 285.274167  10.868437 14.700 -100.00 -100.00 -100.00
  47     1.691 55116.68075329 33.72 285.272927  10.862446   -100 -100.00 -100.00 -100.00
  47     1.794 55116.68075388 34.59 285.273860  10.864937   -100 -100.00 -100.00 -100.00
  47     1.754 55116.68075447 33.35 285.274792  10.867429   -100 -100.00 -100.00 -100.00
  47     1.502 55116.68075506 36.99 285.275724  10.869920   -100 -100.00 -100.00 -100.00
  48     2.004 55126.59639722 36.64 285.274922  10.863762   -100 -100.00 -100.00 -100.00
  48     2.187 55126.59639781 37.00 285.275854  10.866254   -100 -100.00 -100.00 -100.00
  48     2.318 55126.59639840 39.01 285.276786  10.868745   -100 -100.00 -100.00 -100.00
  49     2.240 55136.51203844 26.66 285.276072  10.864632 10.646 -100.00 -100.00 -100.00
  49     1.892 55136.51203903 30.64 285.277004  10.867124 21.707 -100.00 -100.00 -100.00
  49     1.866 55136.51203962 25.72 285.277936  10.869615  9.979 -100.00 -100.00 -100.00
  50     2.538 55146.42767730 31.82 285.276659  10.865201 20.355 -100.00 -100.00 -100.00
  50     2.333 55146.42767789 33.84 285.277591  10.867693   -100 -100.00 -100.00 -100.00
  50     2.491 55146.42767848 30.27 285.278523  10.870184 17.516 -100.00 -100.00 -100.00
  51     2.519 55156.34331530 37.70 285.277745  10.866159   -100 -100.00 -100.00 -100.00
  51     2.766 55156.34331589 33.95 285.278677  10.868650 27.720 -100.00 -100.00 -100.00
  51     2.874 55156.34331648 41.71 285.279610  10.871142   -100 -100.00 -100.00 -100.00
  52     2.514 55166.25895288 35.27 285.278834  10.864969   -100 -100.00 -100.00 -100.00
  52     2.603 55166.25895347 25.68 285.279766  10.867460 12.935 -100.00 -100.00 -100.00
  52     2.278 55166.25895406 24.39 285.280698  10.869952 11.546 -100.00 -100.00 -100.00
  52     2.268 55166.25895465 24.98 285.281630  10.872443 12.673 -100.00 -100.00 -100.00
  53     2.048 55176.17459130 27.19 285.282618  10.868401 17.638 -100.00 -100.00 -100.00
  53     2.144 55176.17459189 28.05 285.283551  10.870892 18.781 -100.00 -100.00 -100.00
  53     2.210 55176.17459248 33.98 285.284483  10.873384   -100 -100.00 -100.00 -100.00
  54     1.520 55186.09023305 28.00 285.283503  10.867122 24.388 -100.00 -100.00 -100.00
  54     1.628 55186.09023364 22.81 285.284435  10.869614 10.721 -100.00 -100.00 -100.00
  54     1.671 55186.09023423 32.04 285.285367  10.872106   -100 -100.00 -100.00 -100.00
  55     2.030 55196.00588375 25.76 285.280137  10.866686 14.036 -100.00 -100.00 -100.00
  55     1.957 55196.00588434 25.66 285.281069  10.869178 15.414 -100.00 -100.00 -100.00
  55     2.217 55196.00588493 25.42 285.282001  10.871670 14.473 -100.00 -100.00 -100.00
  55     2.159 55196.00588552 26.51 285.282934  10.874161 15.360 -100.00 -100.00 -100.00
  56     2.106 55205.92153264 28.16 285.274765  10.863296 28.343 -100.00 -100.00 -100.00
  56     1.961 55205.92153323 26.23 285.275697  10.865788 21.247 -100.00 -100.00 -100.00
  56     2.113 55205.92153382 24.12 285.276629  10.868280 12.827 -100.00 -100.00 -100.00
  56     1.694 55205.92153441 23.83 285.277561  10.870772 12.993 -100.00 -100.00 -100.00
  57     2.172 55215.83718166 29.10 285.271442  10.861869 29.413 -100.00 -100.00 -100.00
  57     1.863 55215.83718225 30.01 285.272374  10.864361   -100 -100.00 -100.00 -100.00
  57     1.985 55215.83718284 23.48 285.273306  10.866853 15.385 -100.00 -100.00 -100.00
  57     1.726 55215.83718343 24.43 285.274238  10.869345 15.219 -100.00 -100.00 -100.00
  58     1.746 55225.75282991 28.03 285.269042  10.858771 32.686 -100.00 -100.00 -100.00
  58     2.017 55225.75283050 23.70 285.269974  10.861263 15.315 -100.00 -100.00 -100.00
  58     1.697 55225.75283109 27.25 285.270906  10.863755 27.602 -100.00 -100.00 -100.00
  58     1.898 55225.75283168 21.17 285.271838  10.866247 11.003 -100.00 -100.00 -100.00
  58     1.542 55225.75283227 25.34 285.272770  10.868739 19.677 -100.00 -100.00 -100.00
  59     4.128 55235.66847740 20.62 285.270400  10.861288 11.523 -100.00 -100.00 -100.00
  59     1.663 55235.66847799 27.48 285.271332  10.863780 31.777 -100.00 -100.00 -100.00
  59     1.807 55235.66847858 23.48 285.272264  10.866272 16.399 -100.00 -100.00 -100.00
  59     1.439 55235.66847917 23.06 285.273196  10.868764 15.438 -100.00 -100.00 -100.00
  60     1.878 55245.58412113 29.22 285.272265  10.862334 28.419 -100.00 -100.00 -100.00
  60     1.588 55245.58412172 25.78 285.273197  10.864825 23.355 -100.00 -100.00 -100.00
  60     1.735 55245.58412231 22.97 285.274129  10.867317 14.111 -100.00 -100.00 -100.00
  60     1.466 55245.58412290 23.07 285.275061  10.869809 14.387 -100.00 -100.00 -100.00
  61     1.804 55255.49976167 28.55 285.272567  10.863116 26.300 -100.00 -100.00 -100.00
  61     1.540 55255.49976226 25.19 285.273499  10.865608 21.313 -100.00 -100.00 -100.00
  61     1.720 55255.49976285 21.22 285.274431  10.868100 10.634 -100.00 -100.00 -100.00
  62     1.452 55265.41540004 26.37 285.271300  10.862661 23.198 -100.00 -100.00 -100.00
  62     1.435 55265.41540063 28.82 285.272233  10.865152   -100 -100.00 -100.00 -100.00
  62     4.738 55265.41540122 19.59 285.273165  10.867644  7.568 -100.00 -100.00 -100.00
  63     1.567 55275.33103753 27.74 285.271297  10.862532 27.289 -100.00 -100.00 -100.00
  63     1.501 55275.33103812 25.61 285.272229  10.865023 19.883 -100.00 -100.00 -100.00
  63     1.402 55275.33103871 23.42 285.273162  10.867515 15.244 -100.00 -100.00 -100.00
  63     5.121 55275.33103930 17.67 285.274094  10.870007  5.020 -100.00 -100.00 -100.00
  64     1.315 55285.24667485 26.87 285.274723  10.864303 23.056 -100.00 -100.00 -100.00
  64     3.148 55285.24667544 20.40 285.275655  10.866795  8.432 -100.00 -100.00 -100.00
  64     2.992 55285.24667603 20.61 285.276587  10.869286  8.817 -100.00 -100.00 -100.00
  65     2.796 55295.16231083 17.92 285.280710  10.867350  6.352 -100.00 -100.00 -100.00
  65     1.815 55295.16231142 21.93 285.281642  10.869842 14.638 -100.00 -100.00 -100.00
  65     2.295 55295.16231201 26.36 285.282575  10.872334 22.130 -100.00 -100.00 -100.00
  65     1.969 55295.16231260 26.87 285.283507  10.874825 18.978 -100.00 -100.00 -100.00
  66     2.033 55305.07794999 24.52 285.284326  10.869497 14.020 -100.00 -100.00 -100.00
  66     2.406 55305.07795058 29.34 285.285258  10.871989 23.856 -100.00 -100.00 -100.00
  67     1.639 55314.99359635 23.40 285.281801  10.867960 12.908 -100.00 -100.00 -100.00
  67     1.875 55314.99359694 26.77 285.282733  10.870452 20.670 -100.00 -100.00 -100.00
  67     2.055 55314.99359753 30.90 285.283665  10.872943 31.410 -100.00 -100.00 -100.00
  68     1.805 55324.90924135 24.61 285.279234  10.866838 20.684 -100.00 -100.00 -100.00
  68     1.836 55324.90924194 22.44 285.280166  10.869330 14.899 -100.00 -100.00 -100.00
  68     1.882 55324.90924253 26.25 285.281099  10.871822 22.862 -100.00 -100.00 -100.00
  69     2.294 55334.82488525 36.08 285.277351  10.865166   -100 -100.00 -100.00 -100.00
  69     2.047 55334.82488584 31.46 285.278283  10.867658   -100 -100.00 -100.00 -100.00
  69     2.010 55334.82488643 23.49 285.279215  10.870150 18.526 -100.00 -100.00 -100.00
  70     2.252 55344.74052931 41.71 285.276927  10.865124   -100 -100.00 -100.00 -100.00
  70     2.307 55344.74052990 42.00 285.277859  10.867616   -100 -100.00 -100.00 -100.00
  70     2.414 55344.74053049 45.12 285.278791  10.870108   -100 -100.00 -100.00 -100.00
  71     3.075 55354.65617245 43.84 285.276896  10.864252 25.856 -100.00 -100.00 -100.00
  71     2.586 55354.65617304 48.10 285.277828  10.866744   -100 -100.00 -100.00 -100.00
  71     2.500 55354.65617363 51.37 285.278760  10.869236 15.559 -100.00 -100.00 -100.00
  71     2.588 55354.65617422 49.86 285.279692  10.871728   -100 -100.00 -100.00 -100.00
  72     2.910 55364.57181360 39.61 285.277457  10.864294 31.811 -100.00 -100.00 -100.00
  72     2.665 55364.57181419 33.97 285.278389  10.866785 15.377 -100.00 -100.00 -100.00
  72     2.757 55364.57181478 34.60 285.279321  10.869277 14.760 -100.00 -100.00 -100.00
  72     2.633 55364.57181538 43.15 285.280254  10.871769   -100 -100.00 -100.00 -100.00
  73     3.772 55374.48745325 45.28 285.278589  10.865475 21.963 -100.00 -100.00 -100.00
  73     2.942 55374.48745384 51.44 285.279521  10.867967 22.667 -100.00 -100.00 -100.00
  73     2.910 55374.48745443 50.80 285.280453  10.870459  8.449 -100.00 -100.00 -100.00
  73     2.848 55374.48745502 54.11 285.281385  10.872950 31.741 -100.00 -100.00 -100.00
  74     3.384 55384.40309149 46.27 285.280130  10.866332 32.673 -100.00 -100.00 -100.00
  74     3.108 55384.40309208 49.39 285.281062  10.868824   -100 -100.00 -100.00 -100.00
  74     2.851 55384.40309267 52.45 285.281994  10.871315 20.764 -100.00 -100.00 -100.00
  74     2.941 55384.40309326 53.38 285.282926  10.873807 20.764 -100.00 -100.00 -100.00
  75     3.382 55394.31872911 47.03 285.282621  10.868410   -100 -100.00 -100.00 -100.00
  75     3.306 55394.31872970 48.30 285.283553  10.870902   -100 -100.00 -100.00 -100.00
  75     3.090 55394.31873029 50.41 285.284485  10.873393  5.512 -100.00 -100.00 -100.00
  76     3.385 55404.23436731 42.25 285.285850  10.869784   -100 -100.00 -100.00 -100.00
  76     3.325 55404.23436790 45.31 285.286782  10.872275   -100 -100.00 -100.00 -100.00
  77     3.459 55414.15001788 39.83 285.283422  10.867758 32.748 -100.00 -100.00 -100.00
  77     3.315 55414.15001847 42.00 285.284354  10.870250   -100 -100.00 -100.00 -100.00
  77     3.364 55414.15001906 42.96 285.285286  10.872741   -100 -100.00 -100.00 -100.00
  78     3.709 55424.06566599 36.34 285.281558  10.867423 24.252 -100.00 -100.00 -100.00
  78     3.675 55424.06566658 34.81 285.282490  10.869915 17.830 -100.00 -100.00 -100.00
  78     3.504 55424.06566717 37.28 285.283422  10.872406 28.769 -100.00 -100.00 -100.00
  78     3.518 55424.06566776 38.68 285.284354  10.874897   -100 -100.00 -100.00 -100.00
  79     3.628 55433.98131173 41.09 285.279664  10.867176   -100 -100.00 -100.00 -100.00
  79     3.462 55433.98131232 45.35 285.280596  10.869667   -100 -100.00 -100.00 -100.00
  79     3.592 55433.98131291 45.21 285.281528  10.872158   -100 -100.00 -100.00 -100.00
  80     3.758 55443.89695562 34.46 285.276260  10.864688 18.418 -100.00 -100.00 -100.00
  80     3.464 55443.89695621 34.61 285.277192  10.867179 21.616 -100.00 -100.00 -100.00
  80     3.558 55443.89695680 44.23 285.278124  10.869670  2.433 -100.00 -100.00 -100.00
  81     3.737 55453.81259867 44.25 285.273977  10.862701   -100 -100.00 -100.00 -100.00
  81     3.511 55453.81259926 35.40 285.274909  10.865193 19.722 -100.00 -100.00 -100.00
  81     3.556 55453.81259985 38.74 285.275841  10.867684 28.347 -100.00 -100.00 -100.00
  81     3.874 55453.81260044 45.05 285.276773  10.870176   -100 -100.00 -100.00 -100.00
  82     3.949 55463.72824214 50.72 285.275329  10.864895   -100 -100.00 -100.00 -100.00
  82     3.649 55463.72824274 50.58 285.276261  10.867387   -100 -100.00 -100.00 -100.00
  82     3.708 55463.72824333 49.60 285.277193  10.869878   -100 -100.00 -100.00 -100.00
  83     4.085 55473.64388279 45.50 285.277615  10.864255   -100 -100.00 -100.00 -100.00
  83     3.817 55473.64388338 41.68 285.278547  10.866746   -100 -100.00 -100.00 -100.00
  83     3.828 55473.64388398 39.47 285.279480  10.869237 30.861 -100.00 -100.00 -100.00
  83     3.716 55473.64388457 44.51 285.280412  10.871729   -100 -100.00 -100.00 -100.00
  84     4.088 55483.55952129 42.63 285.281292  10.867027   -100 -100.00 -100.00 -100.00
  84     3.916 55483.55952189 38.80 285.282224  10.869518 20.099 -100.00 -100.00 -100.00
  84     4.117 55483.55952248 40.10 285.283156  10.872010 23.525 -100.00 -100.00 -100.00
  84     4.077 55483.55952307 39.88 285.284089  10.874501 24.932 -100.00 -100.00 -100.00
  85     4.037 55493.47515700 48.52 285.283245  10.868099   -100 -100.00 -100.00 -100.00
  85     3.999 55493.47515759 50.38 285.284178  10.870590  0.226 -100.00 -100.00 -100.00
  85     4.172 55493.47515818 46.43 285.285110  10.873082   -100 -100.00 -100.00 -100.00
  86     3.885 55503.39079078 48.31 285.284506  10.867772   -100 -100.00 -100.00 -100.00
  86     3.759 55503.39079137 51.50 285.285438  10.870263  9.265 -100.00 -100.00 -100.00
  86     3.945 55503.39079196 46.08 285.286371  10.872754   -100 -100.00 -100.00 -100.00
  87     3.969 55513.30643776 44.65 285.282154  10.867333 32.243 -100.00 -100.00 -100.00
  87     3.742 55513.30643835 46.32 285.283086  10.869825   -100 -100.00 -100.00 -100.00
  87     3.920 55513.30643895 43.67 285.284018  10.872316 27.325 -100.00 -100.00 -100.00
  88     3.964 55523.22208687 34.22 285.280288  10.866882 14.148 -100.00 -100.00 -100.00
  88     4.047 55523.22208746 34.39 285.281220  10.869373 16.600 -100.00 -100.00 -100.00
  88     3.759 55523.22208805 42.04 285.282152  10.871865   -100 -100.00 -100.00 -100.00
  88     3.949 55523.22208864 41.98 285.283084  10.874356   -100 -100.00 -100.00 -100.00
  89     3.723 55533.13773432 37.58 285.278620  10.866004 16.614 -100.00 -100.00 -100.00
  89     3.850 55533.13773491 37.38 285.279552  10.868495 15.548 -100.00 -100.00 -100.00
  89     3.876 55533.13773550 44.84 285.280484  10.870987   -100 -100.00 -100.00 -100.00
  90     3.527 55543.05338014 33.50 285.276816  10.864813 15.806 -100.00 -100.00 -100.00
  90     3.658 55543.05338073 33.74 285.277748  10.867304 14.069 -100.00 -100.00 -100.00
  90     4.024 55543.05338132 33.45 285.278680  10.869796 16.216 -100.00 -100.00 -100.00
  91     3.624 55552.96902430 34.12 285.275186  10.864265 20.995 -100.00 -100.00 -100.00
  91     3.800 55552.96902489 34.65 285.276118  10.866756 21.125 -100.00 -100.00 -100.00
  91     3.915 55552.96902548 36.73 285.277050  10.869248 25.803 -100.00 -100.00 -100.00
  92     4.028 55562.88466730 33.84 285.273428  10.862830 17.936 -100.00 -100.00 -100.00
  92     3.768 55562.88466789 31.30 285.274360  10.865322 11.579 -100.00 -100.00 -100.00
  92     3.757 55562.88466848 34.79 285.275292  10.867814 24.418 -100.00 -100.00 -100.00
  92     3.835 55562.88466907 36.68 285.276224  10.870305 28.772 -100.00 -100.00 -100.00
  93     3.538 55572.80031062 31.72 285.274694  10.864311 13.613 -100.00 -100.00 -100.00
  93     3.401 55572.80031121 32.35 285.275626  10.866802 17.484 -100.00 -100.00 -100.00
  93     3.727 55572.80031180 32.99 285.276559  10.869294 17.842 -100.00 -100.00 -100.00
  94     3.658 55582.71595252 40.82 285.276643  10.864629   -100 -100.00 -100.00 -100.00
  94     3.485 55582.71595311 45.57 285.277575  10.867121  0.411 -100.00 -100.00 -100.00
  94     3.641 55582.71595370 47.35 285.278508  10.869612   -100 -100.00 -100.00 -100.00
  95     2.913 55592.63159130 34.05 285.279562  10.866114 21.376 -100.00 -100.00 -100.00
  95     2.763 55592.63159189 33.52 285.280494  10.868606 22.414 -100.00 -100.00 -100.00
  95     2.836 55592.63159248 38.91 285.281426  10.871098   -100 -100.00 -100.00 -100.00
  95     2.811 55592.63159307 38.21 285.282358  10.873589   -100 -100.00 -100.00 -100.00
  96     2.564 55602.54722650 43.15 285.282377  10.867134 30.407 -100.00 -100.00 -100.00
  96     2.057 55602.54722709 48.54 285.283310  10.869626 21.563 -100.00 -100.00 -100.00
  96     2.049 55602.54722768 51.63 285.284242  10.872118   -100 -100.00 -100.00 -100.00
  97     2.281 55612.46285915 32.77 285.284602  10.867644 24.593 -100.00 -100.00 -100.00
  97     2.053 55612.46285974 29.81 285.285535  10.870136 14.960 -100.00 -100.00 -100.00
  97     2.302 55612.46286033 31.77 285.286467  10.872628 20.745 -100.00 -100.00 -100.00
  99     1.717 55632.29414597 29.05 285.282576  10.867915 19.131 -100.00 -100.00 -100.00
  99     1.748 55632.29414656 28.65 285.283508  10.870407 18.482 -100.00 -100.00 -100.00
  99     2.088 55632.29414715 27.71 285.284440  10.872898 14.786 -100.00 -100.00 -100.00
 100     1.492 55642.20979564 28.64 285.280684  10.866399 21.578 -100.00 -100.00 -100.00
 100     1.859 55642.20979623 25.73 285.281616  10.868891 12.199 -100.00 -100.00 -100.00
 100     1.904 55642.20979682 27.14 285.282549  10.871383 16.276 -100.00 -100.00 -100.00
 100     1.792 55642.20979741 29.04 285.283481  10.873875 21.733 -100.00 -100.00 -100.00
 101     1.729 55652.12544284 27.71 285.280308  10.865777 15.918 -100.00 -100.00 -100.00
 101     1.872 55652.12544343 27.67 285.281240  10.868269 17.404 -100.00 -100.00 -100.00
 101     2.038 55652.12544402 29.56 285.282172  10.870761 20.742 -100.00 -100.00 -100.00
 101     2.422 55652.12544461 28.28 285.283104  10.873252 16.369 -100.00 -100.00 -100.00
 102     1.627 55662.04108626 27.78 285.280119  10.865870 19.747 -100.00 -100.00 -100.00
 102     1.627 55662.04108685 28.95 285.281052  10.868362 22.306 -100.00 -100.00 -100.00
 102     2.073 55662.04108744 27.04 285.281984  10.870854 13.145 -100.00 -100.00 -100.00
 102     1.684 55662.04108803 26.67 285.282916  10.873345 15.956 -100.00 -100.00 -100.00
 103     2.869 55671.95672668 26.91 285.279109  10.865845 13.701 -100.00 -100.00 -100.00
 103     2.486 55671.95672727 26.64 285.280041  10.868336 15.242 -100.00 -100.00 -100.00
 103     2.908 55671.95672786 30.57 285.280973  10.870828 19.688 -100.00 -100.00 -100.00
 103     2.638 55671.95672845 34.43 285.281906  10.873320   -100 -100.00 -100.00 -100.00
 104     3.143 55681.87236570 30.91 285.278360  10.865012 23.468 -100.00 -100.00 -100.00
 104     3.109 55681.87236629 31.12 285.279292  10.867504 19.570 -100.00 -100.00 -100.00
 104     2.802 55681.87236688 35.30 285.280225  10.869995   -100 -100.00 -100.00 -100.00
 104     3.263 55681.87236748 36.61 285.281157  10.872487   -100 -100.00 -100.00 -100.00
 105     3.394 55691.78800430 32.03 285.281239  10.867921 20.811 -100.00 -100.00 -100.00
 105     3.399 55691.78800489 35.19 285.282171  10.870413 31.720 -100.00 -100.00 -100.00
 105     3.481 55691.78800548 35.39 285.283103  10.872905 30.074 -100.00 -100.00 -100.00
 106     3.715 55701.70364073 32.32 285.284462  10.868214 17.401 -100.00 -100.00 -100.00
 106     3.608 55701.70364132 33.95 285.285394  10.870706 18.796 -100.00 -100.00 -100.00
 106     3.403 55701.70364191 36.31 285.286326  10.873198 26.894 -100.00 -100.00 -100.00
 107     4.050 55711.61928317 45.20 285.285998  10.869690   -100 -100.00 -100.00 -100.00
 107     3.757 55711.61928376 50.69 285.286930  10.872181  2.578 -100.00 -100.00 -100.00
 108     3.613 55721.53493218 35.47 285.282338  10.868161 22.258 -100.00 -100.00 -100.00
 108     3.653 55721.53493277 34.90 285.283270  10.870653 16.303 -100.00 -100.00 -100.00
 108     3.722 55721.53493336 35.68 285.284202  10.873144 20.775 -100.00 -100.00 -100.00
 109     3.624 55731.45057901 35.17 285.278842  10.866853 19.769 -100.00 -100.00 -100.00
 109     3.654 55731.45057960 37.28 285.279774  10.869345 25.557 -100.00 -100.00 -100.00
 109     3.731 55731.45058019 38.40 285.280706  10.871837 26.625 -100.00 -100.00 -100.00
 110     3.689 55741.36622432 43.31 285.276694  10.864723   -100 -100.00 -100.00 -100.00
 110     3.767 55741.36622491 41.61 285.277626  10.867214   -100 -100.00 -100.00 -100.00
 110     3.586 55741.36622550 47.71 285.278558  10.869706 15.477 -100.00 -100.00 -100.00
 111     3.580 55751.28186905 30.95 285.276999  10.865156 14.052 -100.00 -100.00 -100.00
 111     3.290 55751.28186964 33.50 285.277931  10.867648 21.859 -100.00 -100.00 -100.00
 111     3.282 55751.28187023 35.60 285.278863  10.870139 28.491 -100.00 -100.00 -100.00
 112     3.334 55761.19751163 31.51 285.279032  10.865835 16.996 -100.00 -100.00 -100.00
 112     3.211 55761.19751222 33.34 285.279964  10.868326 21.565 -100.00 -100.00 -100.00
 112     3.249 55761.19751281 35.57 285.280896  10.870817 28.222 -100.00 -100.00 -100.00
 112     3.333 55761.19751340 36.63 285.281828  10.873309 30.024 -100.00 -100.00 -100.00
 113     3.572 55771.11315149 40.93 285.281189  10.866681   -100 -100.00 -100.00 -100.00
 113     3.528 55771.11315208 41.40 285.282121  10.869173   -100 -100.00 -100.00 -100.00
 113     3.310 55771.11315267 41.29 285.283053  10.871664   -100 -100.00 -100.00 -100.00
 113     3.536 55771.11315326 45.67 285.283985  10.874156   -100 -100.00 -100.00 -100.00
 114     2.812 55781.02878815 30.68 285.283024  10.868177 16.206 -100.00 -100.00 -100.00
 114     2.856 55781.02878874 30.21 285.283956  10.870669 12.821 -100.00 -100.00 -100.00
 114     2.854 55781.02878933 33.31 285.284888  10.873160 21.968 -100.00 -100.00 -100.00
 115     2.876 55790.94442246 30.32 285.284931  10.869452 15.827 -100.00 -100.00 -100.00
 115     2.740 55790.94442305 29.79 285.285863  10.871943 11.821 -100.00 -100.00 -100.00
 117     3.602 55810.77570535 46.39 285.285526  10.869997 25.035 -100.00 -100.00 -100.00
 117     2.920 55810.77570594 51.62 285.286458  10.872488  8.676 -100.00 -100.00 -100.00
 118     2.613 55820.69135443 29.29 285.284553  10.869538 13.863 -100.00 -100.00 -100.00
 118     2.593 55820.69135502 29.87 285.285485  10.872029 15.048 -100.00 -100.00 -100.00
 119     2.873 55830.60699867 40.13 285.284641  10.868083   -100 -100.00 -100.00 -100.00
 119     2.717 55830.60699926 35.27 285.285573  10.870574 22.317 -100.00 -100.00 -100.00
 119     2.724 55830.60699985 34.03 285.286505  10.873066 18.795 -100.00 -100.00 -100.00
 120     2.705 55840.52263906 42.44 285.286042  10.870106   -100 -100.00 -100.00 -100.00
 120     2.516 55840.52263965 42.45 285.286975  10.872597   -100 -100.00 -100.00 -100.00
 121     2.962 55850.43827532 34.48 285.285564  10.868876 19.646 -100.00 -100.00 -100.00
 121     2.835 55850.43827591 35.47 285.286496  10.871367 23.922 -100.00 -100.00 -100.00
 122     3.189 55860.35390971 32.71 285.286426  10.869081 17.794 -100.00 -100.00 -100.00
 122     3.186 55860.35391030 31.96 285.287358  10.871573 13.857 -100.00 -100.00 -100.00
 123     3.627 55870.26955999 43.44 285.282620  10.866775   -100 -100.00 -100.00 -100.00
 123     3.769 55870.26956058 45.66 285.283552  10.869267 31.546 -100.00 -100.00 -100.00
 123     3.482 55870.26956117 50.52 285.284484  10.871758   -100 -100.00 -100.00 -100.00
 123     3.270 55870.26956176 51.68 285.285416  10.874249 12.544 -100.00 -100.00 -100.00
 124     3.988 55880.18521063 45.50 285.282066  10.867405 27.691 -100.00 -100.00 -100.00
 124     3.447 55880.18521122 50.74 285.282998  10.869897  9.723 -100.00 -100.00 -100.00
 124     3.445 55880.18521181 52.78 285.283930  10.872388  6.339 -100.00 -100.00 -100.00
 125     3.603 55890.10085461 43.97 285.282498  10.867357   -100 -100.00 -100.00 -100.00
 125     3.388 55890.10085520 41.12 285.283430  10.869848 31.855 -100.00 -100.00 -100.00
 125     3.183 55890.10085579 38.11 285.284362  10.872340 20.718 -100.00 -100.00 -100.00
 126     3.359 55900.01649324 32.28 285.283763  10.868459 14.995 -100.00 -100.00 -100.00
 126     3.379 55900.01649383 32.68 285.284695  10.870950 17.051 -100.00 -100.00 -100.00
 126     3.368 55900.01649442 35.03 285.285627  10.873442 23.170 -100.00 -100.00 -100.00
 127     3.670 55909.93212705 31.59 285.285246  10.868240 11.113 -100.00 -100.00 -100.00
 127     3.699 55909.93212764 31.61 285.286178  10.870731 12.339 -100.00 -100.00 -100.00
 127     3.455 55909.93212823 34.38 285.287110  10.873223 19.297 -100.00 -100.00 -100.00
 128     4.071 55919.84777899 32.69 285.280591  10.867685 13.774 -100.00 -100.00 -100.00
 128     3.727 55919.84777958 36.27 285.281523  10.870177 28.020 -100.00 -100.00 -100.00
 128     3.846 55919.84778017 40.00 285.282455  10.872669   -100 -100.00 -100.00 -100.00
 128     4.032 55919.84778076 41.54 285.283387  10.875160   -100 -100.00 -100.00 -100.00
 129     3.597 55929.76343117 31.07 285.277234  10.864835 12.278 -100.00 -100.00 -100.00
 129     3.652 55929.76343176 31.00 285.278166  10.867326 14.361 -100.00 -100.00 -100.00
 129     3.799 55929.76343235 34.75 285.279098  10.869818 22.365 -100.00 -100.00 -100.00
 130     3.549 55939.67908073 30.95 285.277607  10.865817 12.666 -100.00 -100.00 -100.00
 130     3.286 55939.67908133 33.38 285.278539  10.868309 20.458 -100.00 -100.00 -100.00
 130     3.291 55939.67908192 37.03 285.279471  10.870801   -100 -100.00 -100.00 -100.00
 131     3.015 55949.59472486 43.42 285.277141  10.864243   -100 -100.00 -100.00 -100.00
 131     3.182 55949.59472545 37.90 285.278074  10.866735 28.444 -100.00 -100.00 -100.00
 131     3.245 55949.59472604 40.46 285.279006  10.869227 31.783 -100.00 -100.00 -100.00
 131     2.907 55949.59472663 37.40 285.279938  10.871719 25.182 -100.00 -100.00 -100.00
 132     2.637 55959.51036481 39.88 285.276724  10.864198   -100 -100.00 -100.00 -100.00
 132     2.608 55959.51036540 30.19 285.277656  10.866690 18.244 -100.00 -100.00 -100.00
 132     2.429 55959.51036599 31.31 285.278588  10.869182 18.557 -100.00 -100.00 -100.00
 133     2.170 55969.42600224 33.83 285.276870  10.864905   -100 -100.00 -100.00 -100.00
 133     2.177 55969.42600283 30.35 285.277802  10.867396 20.777 -100.00 -100.00 -100.00
 133     2.141 55969.42600342 30.77 285.278735  10.869888 22.593 -100.00 -100.00 -100.00
 134     2.170 55979.34163837 28.24 285.278513  10.864767 15.366 -100.00 -100.00 -100.00
 134     1.994 55979.34163896 32.23 285.279445  10.867258 28.746 -100.00 -100.00 -100.00
 134     1.928 55979.34163955 30.55 285.280378  10.869750 21.199 -100.00 -100.00 -100.00
 134     1.974 55979.34164014 28.51 285.281310  10.872242 15.180 -100.00 -100.00 -100.00
 135     1.658 55989.25727493 32.93 285.283989  10.869118 30.295 -100.00 -100.00 -100.00
 135     1.676 55989.25727552 29.96 285.284921  10.871610 17.306 -100.00 -100.00 -100.00
 135     2.223 55989.25727611 29.54 285.285853  10.874102 17.342 -100.00 -100.00 -100.00
 136     1.549 55999.17291717 28.47 285.286177  10.869587 14.002 -100.00 -100.00 -100.00
 136     1.327 55999.17291776 29.28 285.287109  10.872079 17.780 -100.00 -100.00 -100.00
 137     1.979 56009.08856712 26.93 285.283776  10.868035 13.641 -100.00 -100.00 -100.00
 137     1.453 56009.08856771 29.53 285.284708  10.870527 21.179 -100.00 -100.00 -100.00
 137     1.333 56009.08856830 28.64 285.285640  10.873018 18.527 -100.00 -100.00 -100.00
 138     1.749 56019.00421294 33.07 285.280765  10.866047   -100 -100.00 -100.00 -100.00
 138     1.827 56019.00421353 28.01 285.281697  10.868538 19.174 -100.00 -100.00 -100.00
 138     1.520 56019.00421412 31.13 285.282629  10.871030 29.291 -100.00 -100.00 -100.00
 138     1.506 56019.00421471 26.22 285.283562  10.873522 12.934 -100.00 -100.00 -100.00
 139     1.702 56028.91985621 28.37 285.277575  10.864892 23.459 -100.00 -100.00 -100.00
 139     1.812 56028.91985680 27.18 285.278507  10.867384 19.099 -100.00 -100.00 -100.00
 139     1.824 56028.91985739 32.63 285.279440  10.869876   -100 -100.00 -100.00 -100.00
 140     2.185 56038.83549820 35.15 285.275871  10.864337   -100 -100.00 -100.00 -100.00
 140     2.357 56038.83549879 25.76 285.276803  10.866829 14.997 -100.00 -100.00 -100.00
 140     2.038 56038.83549938 27.71 285.277735  10.869321 19.902 -100.00 -100.00 -100.00
 141     2.854 56048.75113881 44.72 285.277573  10.865252   -100 -100.00 -100.00 -100.00
 141     2.561 56048.75113940 45.06 285.278505  10.867744   -100 -100.00 -100.00 -100.00
 141     2.628 56048.75113999 36.92 285.279438  10.870236 24.351 -100.00 -100.00 -100.00
 142     3.054 56058.66677713 42.36 285.281510  10.867369   -100 -100.00 -100.00 -100.00
 142     2.825 56058.66677772 38.40 285.282442  10.869861 31.722 -100.00 -100.00 -100.00
 142     2.638 56058.66677831 35.21 285.283374  10.872353 20.085 -100.00 -100.00 -100.00
 142     2.721 56058.66677890 34.70 285.284306  10.874845 16.797 -100.00 -100.00 -100.00
 144     3.456 56078.49806179 44.48 285.282581  10.866828 31.589 -100.00 -100.00 -100.00
 144     3.099 56078.49806238 45.65 285.283513  10.869319   -100 -100.00 -100.00 -100.00
 144     3.277 56078.49806298 48.46 285.284445  10.871811   -100 -100.00 -100.00 -100.00
 144     3.248 56078.49806357 50.58 285.285378  10.874303   -100 -100.00 -100.00 -100.00
 145     3.197 56088.41370916 30.02 285.278189  10.864747 20.996 -100.00 -100.00 -100.00
 145     2.947 56088.41370975 29.35 285.279121  10.867239 19.827 -100.00 -100.00 -100.00
 145     2.890 56088.41371034 29.39 285.280053  10.869730 17.227 -100.00 -100.00 -100.00
 145     2.905 56088.41371093 33.00 285.280985  10.872222 27.656 -100.00 -100.00 -100.00
 146     2.645 56098.32935469 38.68 285.276793  10.865350   -100 -100.00 -100.00 -100.00
 146     2.575 56098.32935528 31.53 285.277725  10.867842 23.692 -100.00 -100.00 -100.00
 146     2.496 56098.32935587 36.96 285.278657  10.870333   -100 -100.00 -100.00 -100.00
 147     2.244 56108.24499808 27.47 285.277801  10.865730 14.595 -100.00 -100.00 -100.00
 147     2.388 56108.24499867 28.72 285.278733  10.868222 16.313 -100.00 -100.00 -100.00
 147     2.341 56108.24499926 31.70 285.279666  10.870713 25.384 -100.00 -100.00 -100.00
 148     2.179 56118.16062723 34.73 285.280580  10.866055   -100 -100.00 -100.00 -100.00
 148     2.255 56118.16062782 34.65 285.281512  10.868546   -100 -100.00 -100.00 -100.00
 148     2.006 56118.16062841 35.93 285.282444  10.871038   -100 -100.00 -100.00 -100.00
 148     2.176 56118.16062900 32.94 285.283376  10.873529 29.835 -100.00 -100.00 -100.00
 149     1.971 56128.07626509 23.26 285.284946  10.869128  8.439 -100.00 -100.00 -100.00
 149     2.096 56128.07626568 23.08 285.285878  10.871620  7.680 -100.00 -100.00 -100.00
 151     1.989 56147.90754497 26.37 285.283441  10.867982 20.257 -100.00 -100.00 -100.00
 151     2.038 56147.90754556 22.35 285.284373  10.870473 10.690 -100.00 -100.00 -100.00
 151     1.830 56147.90754615 21.78 285.285305  10.872965  8.552 -100.00 -100.00 -100.00
 152     2.145 56157.82319387 26.04 285.280116  10.866366 15.115 -100.00 -100.00 -100.00
 152     2.003 56157.82319446 29.48 285.281049  10.868857 24.237 -100.00 -100.00 -100.00
 152     2.039 56157.82319505 27.70 285.281981  10.871349 18.636 -100.00 -100.00 -100.00
 152     2.053 56157.82319564 25.87 285.282913  10.873840 13.210 -100.00 -100.00 -100.00
 153     3.055 56167.73884247 42.66 285.279575  10.866784 21.234 -100.00 -100.00 -100.00
 153     2.207 56167.73884306 47.65 285.280507  10.869276   -100 -100.00 -100.00 -100.00
 153     2.312 56167.73884365 51.68 285.281439  10.871767  1.578 -100.00 -100.00 -100.00
 154     3.357 56177.65448850 38.61 285.280427  10.867190 17.076 -100.00 -100.00 -100.00
 154     2.463 56177.65448909 42.74 285.281359  10.869682   -100 -100.00 -100.00 -100.00
 154     2.509 56177.65448968 47.95 285.282291  10.872173   -100 -100.00 -100.00 -100.00
 154     2.109 56177.65449027 53.11 285.283223  10.874664   -100 -100.00 -100.00 -100.00
 155     2.099 56187.57012978 41.45 285.281640  10.867257   -100 -100.00 -100.00 -100.00
 155     1.935 56187.57013037 48.10 285.282572  10.869748 23.949 -100.00 -100.00 -100.00
 155     2.186 56187.57013096 40.64 285.283504  10.872240 31.084 -100.00 -100.00 -100.00
 155     1.968 56187.57013155 37.15 285.284436  10.874731 24.336 -100.00 -100.00 -100.00
 156     2.115 56197.48576729 40.41 285.282357  10.867515   -100 -100.00 -100.00 -100.00
 156     1.870 56197.48576788 46.13 285.283289  10.870007 25.373 -100.00 -100.00 -100.00
 156     2.104 56197.48576847 38.05 285.284221  10.872498 29.438 -100.00 -100.00 -100.00
 157     2.564 56207.40140184 42.45 285.283564  10.868597 24.596 -100.00 -100.00 -100.00
 157     1.788 56207.40140243 46.62 285.284496  10.871088 26.408 -100.00 -100.00 -100.00
 157     2.062 56207.40140302 46.95 285.285429  10.873580   -100 -100.00 -100.00 -100.00
 158     2.864 56217.31703483 43.67 285.286133  10.870231 21.558 -100.00 -100.00 -100.00
 158     2.027 56217.31703542 48.88 285.287065  10.872722 11.498 -100.00 -100.00 -100.00
 159     3.110 56227.23267756 42.63 285.286381  10.869826 22.890 -100.00 -100.00 -100.00
 159     2.375 56227.23267815 47.76 285.287312  10.872317  0.335 -100.00 -100.00 -100.00
 160     2.355 56237.14833151 39.87 285.284112  10.868575  6.471 -100.00 -100.00 -100.00
 160     2.504 56237.14833210 33.14 285.285044  10.871067 31.948 -100.00 -100.00 -100.00
 160     2.728 56237.14833269 33.89 285.285976  10.873558 31.699 -100.00 -100.00 -100.00
 161     2.687 56247.06398178 41.75 285.281954  10.867417 28.643 -100.00 -100.00 -100.00
 161     2.415 56247.06398237 48.64 285.282886  10.869909   -100 -100.00 -100.00 -100.00
 161     2.275 56247.06398296 48.73 285.283818  10.872400  8.907 -100.00 -100.00 -100.00
 162     2.841 56256.97962720 34.53 285.279978  10.866055   -100 -100.00 -100.00 -100.00
 162     3.095 56256.97962779 34.74 285.280910  10.868547 24.398 -100.00 -100.00 -100.00
 162     2.408 56256.97962838 38.02 285.281842  10.871038   -100 -100.00 -100.00 -100.00
 162     2.217 56256.97962897 33.83 285.282774  10.873530   -100 -100.00 -100.00 -100.00
 163     2.375 56266.89526960 26.48 285.278630  10.865663 15.216 -100.00 -100.00 -100.00
 163     2.516 56266.89527019 34.95 285.279562  10.868155   -100 -100.00 -100.00 -100.00
 163     2.518 56266.89527078 33.68 285.280494  10.870646   -100 -100.00 -100.00 -100.00
 164     2.145 56276.81091086 32.96 285.278606  10.866560   -100 -100.00 -100.00 -100.00
 164     2.387 56276.81091145 27.87 285.279538  10.869051 17.242 -100.00 -100.00 -100.00
 164     2.127 56276.81091204 31.27 285.280470  10.871543 29.995 -100.00 -100.00 -100.00
 165     1.924 56286.72655859 37.80 285.277456  10.865849   -100 -100.00 -100.00 -100.00
 165     2.141 56286.72655918 39.49 285.278388  10.868340   -100 -100.00 -100.00 -100.00
 165     1.953 56286.72655977 42.79 285.279320  10.870832  4.302 -100.00 -100.00 -100.00
 166     1.849 56296.64220873 33.89 285.276888  10.865380   -100 -100.00 -100.00 -100.00
 166     1.562 56296.64220932 37.02 285.277820  10.867872   -100 -100.00 -100.00 -100.00
 166     1.590 56296.64220991 35.48 285.278752  10.870364   -100 -100.00 -100.00 -100.00
 167     1.719 56306.55785445 43.64 285.275891  10.863703 29.342 -100.00 -100.00 -100.00
 167     1.697 56306.55785504 44.51 285.276823  10.866195   -100 -100.00 -100.00 -100.00
 167     1.526 56306.55785563 51.11 285.277755  10.868686   -100 -100.00 -100.00 -100.00
 167     1.201 56306.55785622 54.10 285.278687  10.871178   -100 -100.00 -100.00 -100.00
 168     1.760 56316.47349726 28.16 285.275229  10.864080 18.796 -100.00 -100.00 -100.00
 168     1.063 56316.47349785 33.92 285.276161  10.866572   -100 -100.00 -100.00 -100.00
 168     1.134 56316.47349844 31.20 285.277093  10.869064   -100 -100.00 -100.00 -100.00
 169     1.521 56326.38913812 37.03 285.274692  10.864583   -100 -100.00 -100.00 -100.00
 169     1.175 56326.38913871 37.48 285.275624  10.867074  4.459 -100.00 -100.00 -100.00
 169     1.131 56326.38913930 31.52 285.276556  10.869566 30.855 -100.00 -100.00 -100.00
 170     1.287 56336.30477782 34.00 285.275838  10.864359   -100 -100.00 -100.00 -100.00
 170     1.255 56336.30477841 35.12 285.276770  10.866851   -100 -100.00 -100.00 -100.00
 170     1.215 56336.30477900 31.86 285.277702  10.869342   -100 -100.00 -100.00 -100.00
 171     2.121 56346.22041659 29.90 285.279485  10.865476 17.705 -100.00 -100.00 -100.00
 171     1.320 56346.22041718 32.96 285.280417  10.867968   -100 -100.00 -100.00 -100.00
 171     1.254 56346.22041777 33.39 285.281349  10.870460   -100 -100.00 -100.00 -100.00
 171     1.152 56346.22041837 33.61 285.282281  10.872952   -100 -100.00 -100.00 -100.00
 171     1.270 56346.22041896 25.79 285.283213  10.875443 16.746 -100.00 -100.00 -100.00
 172     1.358 56356.13605345 29.78 285.284527  10.868480   -100 -100.00 -100.00 -100.00
 172     1.230 56356.13605404 29.84 285.285459  10.870972 32.713 -100.00 -100.00 -100.00
 172     1.091 56356.13605463 25.31 285.286392  10.873463 17.933 -100.00 -100.00 -100.00
 173     1.607 56366.05169982 20.91 285.282695  10.867446  9.720 -100.00 -100.00 -100.00
 173     1.611 56366.05170041 25.76 285.283627  10.869938 18.882 -100.00 -100.00 -100.00
 173     1.401 56366.05170100 23.95 285.284559  10.872430 15.159 -100.00 -100.00 -100.00
 174     1.551 56375.96734786 27.47 285.278856  10.866283 27.706 -100.00 -100.00 -100.00
 174     1.595 56375.96734845 29.76 285.279788  10.868775   -100 -100.00 -100.00 -100.00
 174     1.485 56375.96734904 28.20 285.280721  10.871267 31.060 -100.00 -100.00 -100.00
 176     1.371 56395.79863669 30.17 285.273922  10.863596   -100 -100.00 -100.00 -100.00
 176     1.503 56395.79863728 26.06 285.274854  10.866088 24.223 -100.00 -100.00 -100.00
 176     1.281 56395.79863787 25.76 285.275786  10.868580 23.416 -100.00 -100.00 -100.00
 177     1.408 56405.71427875 29.54 285.275516  10.864345 20.106 -100.00 -100.00 -100.00
 177     1.624 56405.71427934 33.78 285.276448  10.866837   -100 -100.00 -100.00 -100.00
 177     1.372 56405.71427993 32.95 285.277381  10.869329   -100 -100.00 -100.00 -100.00
 178     2.090 56415.62991772 31.59 285.278863  10.865592   -100 -100.00 -100.00 -100.00
 178     2.003 56415.62991831 38.83 285.279795  10.868084   -100 -100.00 -100.00 -100.00
 178     1.746 56415.62991890 34.46 285.280728  10.870576   -100 -100.00 -100.00 -100.00
 178     1.442 56415.62991949 28.26 285.281660  10.873068 31.584 -100.00 -100.00 -100.00
 179     2.811 56425.54555216 37.88 285.284249  10.868198 19.702 -100.00 -100.00 -100.00
 179     1.878 56425.54555275 40.04 285.285181  10.870690 16.521 -100.00 -100.00 -100.00
 179     1.702 56425.54555334 30.53 285.286113  10.873182   -100 -100.00 -100.00 -100.00
 180     1.965 56435.46119994 40.67 285.281420  10.866271   -100 -100.00 -100.00 -100.00
 180     2.775 56435.46120053 43.84 285.282352  10.868763 23.041 -100.00 -100.00 -100.00
 180     2.264 56435.46120112 45.67 285.283284  10.871254   -100 -100.00 -100.00 -100.00
 180     2.156 56435.46120171 51.04 285.284216  10.873746   -100 -100.00 -100.00 -100.00
 181     2.503 56445.37685085 44.65 285.276958  10.865504   -100 -100.00 -100.00 -100.00
 181     2.789 56445.37685144 47.95 285.277890  10.867995   -100 -100.00 -100.00 -100.00
 181     2.223 56445.37685203 50.31 285.278822  10.870487   -100 -100.00 -100.00 -100.00
 182     2.724 56455.29249918 41.84 285.274005  10.863754   -100 -100.00 -100.00 -100.00
 182     2.795 56455.29249977 43.64 285.274937  10.866245   -100 -100.00 -100.00 -100.00
 182     2.500 56455.29250036 32.37 285.275869  10.868737 26.116 -100.00 -100.00 -100.00
 183     2.500 56465.20814491 42.27 285.273477  10.862998 17.648 -100.00 -100.00 -100.00
 183     2.639 56465.20814550 46.32 285.274409  10.865489   -100 -100.00 -100.00 -100.00
 183     2.758 56465.20814609 41.58 285.275341  10.867981   -100 -100.00 -100.00 -100.00
 183     2.458 56465.20814668 32.08 285.276273  10.870472   -100 -100.00 -100.00 -100.00
 184     2.328 56475.12378741 38.98 285.275161  10.863289   -100 -100.00 -100.00 -100.00
 184     2.509 56475.12378800 35.87 285.276093  10.865781   -100 -100.00 -100.00 -100.00
 184     2.572 56475.12378859 32.09 285.277025  10.868272 21.442 -100.00 -100.00 -100.00
 184     2.276 56475.12378918 34.13 285.277957  10.870764 30.497 -100.00 -100.00 -100.00
 185     2.323 56485.03942697 34.03 285.278164  10.864837   -100 -100.00 -100.00 -100.00
 185     2.445 56485.03942756 34.83 285.279096  10.867328   -100 -100.00 -100.00 -100.00
 185     2.317 56485.03942815 33.15 285.280028  10.869820   -100 -100.00 -100.00 -100.00
 185     1.990 56485.03942874 33.29 285.280961  10.872311   -100 -100.00 -100.00 -100.00
 186     1.949 56494.95506400 34.05 285.280923  10.867424   -100 -100.00 -100.00 -100.00
 186     1.902 56494.95506459 31.65 285.281855  10.869915   -100 -100.00 -100.00 -100.00
 186     1.616 56494.95506518 30.99 285.282787  10.872406   -100 -100.00 -100.00 -100.00
 186     1.777 56494.95506577 24.20 285.283719  10.874898 11.247 -100.00 -100.00 -100.00
 187     1.844 56504.87069876 35.89 285.282858  10.867064   -100 -100.00 -100.00 -100.00
 187     1.651 56504.87069935 39.05 285.283790  10.869555 25.425 -100.00 -100.00 -100.00
 187     1.548 56504.87069994 29.86 285.284722  10.872046 30.410 -100.00 -100.00 -100.00
 189     2.241 56524.70198540 37.19 285.285118  10.867911   -100 -100.00 -100.00 -100.00
 189     1.983 56524.70198599 38.42 285.286050  10.870403   -100 -100.00 -100.00 -100.00
 189     1.729 56524.70198658 30.11 285.286982  10.872894 30.915 -100.00 -100.00 -100.00
 190     2.605 56534.61763687 40.66 285.283369  10.868224 25.580 -100.00 -100.00 -100.00
 190     2.156 56534.61763746 42.76 285.284301  10.870715   -100 -100.00 -100.00 -100.00
 190     1.832 56534.61763805 38.37 285.285233  10.873207   -100 -100.00 -100.00 -100.00
 192     2.243 56554.44892817 43.08 285.278112  10.866442  6.310 -100.00 -100.00 -100.00
 192     2.448 56554.44892876 39.06 285.279044  10.868933   -100 -100.00 -100.00 -100.00
 192     2.154 56554.44892935 38.63 285.279976  10.871425   -100 -100.00 -100.00 -100.00
 193     2.532 56564.36457027 43.69 285.276481  10.864853   -100 -100.00 -100.00 -100.00
 193     2.537 56564.36457086 48.19 285.277413  10.867344   -100 -100.00 -100.00 -100.00
 193     2.133 56564.36457145 50.95 285.278345  10.869836   -100 -100.00 -100.00 -100.00
 194     2.386 56574.28021129 39.03 285.276844  10.863981   -100 -100.00 -100.00 -100.00
 194     2.274 56574.28021188 42.00 285.277776  10.866473  3.382 -100.00 -100.00 -100.00
 194     2.468 56574.28021247 37.72 285.278708  10.868964   -100 -100.00 -100.00 -100.00
 194     2.235 56574.28021306 38.19 285.279640  10.871455   -100 -100.00 -100.00 -100.00
 195     2.633 56584.19585056 42.11 285.280359  10.866068   -100 -100.00 -100.00 -100.00
 195     2.397 56584.19585115 43.96 285.281291  10.868559  3.075 -100.00 -100.00 -100.00
 195     2.678 56584.19585174 45.05 285.282223  10.871051   -100 -100.00 -100.00 -100.00
 195     2.316 56584.19585233 49.27 285.283155  10.873542 28.031 -100.00 -100.00 -100.00
 196     2.780 56594.11148604 40.01 285.285810  10.868528   -100 -100.00 -100.00 -100.00
 196     2.488 56594.11148663 37.09 285.286741  10.871019   -100 -100.00 -100.00 -100.00
 197     2.836 56604.02713895 43.01 285.282250  10.867995   -100 -100.00 -100.00 -100.00
 197     2.521 56604.02713954 45.11 285.283182  10.870486 12.780 -100.00 -100.00 -100.00
 197     2.313 56604.02714013 41.13 285.284114  10.872978   -100 -100.00 -100.00 -100.00
 198     2.839 56613.94278710 37.74 285.278953  10.866489   -100 -100.00 -100.00 -100.00
 198     2.571 56613.94278769 38.71 285.279885  10.868981  5.671 -100.00 -100.00 -100.00
 198     2.400 56613.94278828 34.25 285.280817  10.871472   -100 -100.00 -100.00 -100.00
 199     2.739 56623.85843175 35.53 285.277478  10.865329   -100 -100.00 -100.00 -100.00
 199     2.444 56623.85843234 37.99 285.278410  10.867821  0.442 -100.00 -100.00 -100.00
 199     2.364 56623.85843293 33.20 285.279342  10.870312   -100 -100.00 -100.00 -100.00
 200     2.549 56633.77407387 35.33 285.277409  10.864453   -100 -100.00 -100.00 -100.00
 200     2.435 56633.77407446 36.54 285.278341  10.866944   -100 -100.00 -100.00 -100.00
 200     2.661 56633.77407505 31.19 285.279273  10.869436 24.242 -100.00 -100.00 -100.00
 200     2.378 56633.77407564 31.68 285.280205  10.871927 30.333 -100.00 -100.00 -100.00
 201     2.633 56643.68971205 38.80 285.280857  10.865983   -100 -100.00 -100.00 -100.00
 201     2.912 56643.68971264 40.54 285.281789  10.868475   -100 -100.00 -100.00 -100.00
 201     2.880 56643.68971323 44.02 285.282721  10.870967   -100 -100.00 -100.00 -100.00
 201     2.484 56643.68971382 48.41 285.283653  10.873459   -100 -100.00 -100.00 -100.00
 202     2.588 56653.60536415 36.91 285.278363  10.864826   -100 -100.00 -100.00 -100.00
 202     2.323 56653.60536474 39.06 285.279295  10.867318   -100 -100.00 -100.00 -100.00
 202     2.605 56653.60536533 41.02 285.280228  10.869810   -100 -100.00 -100.00 -100.00
 202     2.247 56653.60536592 40.31 285.281160  10.872301   -100 -100.00 -100.00 -100.00
 203     2.228 56663.52101340 41.66 285.276618  10.865078   -100 -100.00 -100.00 -100.00
 203     2.603 56663.52101399 44.85 285.277551  10.867570 32.271 -100.00 -100.00 -100.00
 203     2.192 56663.52101458 50.13 285.278483  10.870062  4.425 -100.00 -100.00 -100.00
 204     2.618 56673.43665920 38.84 285.274572  10.863462 20.395 -100.00 -100.00 -100.00
 204     1.731 56673.43665979 42.09 285.275504  10.865954  4.486 -100.00 -100.00 -100.00
 204     1.879 56673.43666038 48.01 285.276437  10.868446   -100 -100.00 -100.00 -100.00
 204     1.531 56673.43666097 37.30 285.277369  10.870937   -100 -100.00 -100.00 -100.00
 205     2.102 56683.35230382 32.87 285.273839  10.863395 27.229 -100.00 -100.00 -100.00
 205     2.159 56683.35230441 36.11 285.274772  10.865887 29.160 -100.00 -100.00 -100.00
 205     1.419 56683.35230500 41.90 285.275704  10.868379   -100 -100.00 -100.00 -100.00
 206     1.979 56693.26794625 34.32 285.274866  10.862846   -100 -100.00 -100.00 -100.00
 206     1.483 56693.26794684 36.36 285.275798  10.865338   -100 -100.00 -100.00 -100.00
 206     1.483 56693.26794743 30.57 285.276730  10.867830   -100 -100.00 -100.00 -100.00
 206     1.289 56693.26794802 30.58 285.277662  10.870321   -100 -100.00 -100.00 -100.00
 207     1.612 56703.18358578 31.22 285.279911  10.867072 29.347 -100.00 -100.00 -100.00
 207     1.324 56703.18358637 33.28 285.280843  10.869564   -100 -100.00 -100.00 -100.00
 207     1.569 56703.18358696 33.01 285.281775  10.872055   -100 -100.00 -100.00 -100.00
 207     1.223 56703.18358755 32.19 285.282707  10.874547   -100 -100.00 -100.00 -100.00
 208     1.313 56713.09921932 32.31 285.284159  10.867544   -100 -100.00 -100.00 -100.00
 208     1.384 56713.09921991 31.78 285.285092  10.870036   -100 -100.00 -100.00 -100.00
 208     1.464 56713.09922050 25.46 285.286024  10.872527 17.053 -100.00 -100.00 -100.00
 209     1.739 56723.01486654 30.81 285.280398  10.865755 31.502 -100.00 -100.00 -100.00
 209     1.810 56723.01486713 33.26 285.281330  10.868247 32.187 -100.00 -100.00 -100.00
 209     1.498 56723.01486772 35.24 285.282262  10.870738   -100 -100.00 -100.00 -100.00
 209     1.311 56723.01486831 36.80 285.283195  10.873230  6.912 -100.00 -100.00 -100.00
 210     1.789 56732.93051664 27.85 285.275022  10.863936 23.709 -100.00 -100.00 -100.00
 210     1.476 56732.93051723 26.42 285.275954  10.866428 20.333 -100.00 -100.00 -100.00
 210     1.656 56732.93051782 23.24 285.276886  10.868920 11.873 -100.00 -100.00 -100.00
 211     1.701 56742.84616348 24.44 285.271622  10.861422 14.617 -100.00 -100.00 -100.00
 211     1.854 56742.84616407 27.43 285.272554  10.863914 19.479 -100.00 -100.00 -100.00
 211     1.875 56742.84616466 29.81 285.273486  10.866406 28.808 -100.00 -100.00 -100.00
 211     1.576 56742.84616525 31.21 285.274418  10.868898   -100 -100.00 -100.00 -100.00
 212     1.482 56752.76180709 22.18 285.272845  10.862149 12.316 -100.00 -100.00 -100.00
 212     1.678 56752.76180768 29.07 285.273777  10.864641 25.137 -100.00 -100.00 -100.00
 212     1.573 56752.76180827 28.67 285.274709  10.867133 29.336 -100.00 -100.00 -100.00
 212     1.479 56752.76180886 24.61 285.275641  10.869625 17.667 -100.00 -100.00 -100.00
 213     2.036 56762.67744609 38.09 285.277754  10.864892 20.251 -100.00 -100.00 -100.00
 213     1.370 56762.67744668 40.96 285.278686  10.867384   -100 -100.00 -100.00 -100.00
 213     1.717 56762.67744727 46.25 285.279618  10.869876   -100 -100.00 -100.00 -100.00
 213     1.249 56762.67744786 49.36 285.280550  10.872368 29.532 -100.00 -100.00 -100.00
 214     2.029 56772.59307884 32.15 285.283639  10.867377 27.027 -100.00 -100.00 -100.00
 214     2.302 56772.59307943 35.01 285.284571  10.869869 24.829 -100.00 -100.00 -100.00
 214     1.509 56772.59308002 41.15 285.285503  10.872361 29.027 -100.00 -100.00 -100.00
 215     2.634 56782.50873531 39.98 285.277035  10.864223 19.928 -100.00 -100.00 -100.00
 215     2.116 56782.50873590 41.64 285.277967  10.866714   -100 -100.00 -100.00 -100.00
 215     2.220 56782.50873649 48.14 285.278899  10.869206   -100 -100.00 -100.00 -100.00
 215     1.610 56782.50873708 52.06 285.279831  10.871698   -100 -100.00 -100.00 -100.00
 216     2.097 56792.42438804 46.03 285.271382  10.861371   -100 -100.00 -100.00 -100.00
 216     2.001 56792.42438863 47.77 285.272315  10.863863  1.042 -100.00 -100.00 -100.00
 216     2.072 56792.42438922 46.32 285.273247  10.866355   -100 -100.00 -100.00 -100.00
 216     2.044 56792.42438981 51.13 285.274179  10.868847  0.443 -100.00 -100.00 -100.00
 217     2.295 56802.34003751 34.50 285.266667  10.857076   -100 -100.00 -100.00 -100.00
 217     2.485 56802.34003810 38.15 285.267599  10.859568   -100 -100.00 -100.00 -100.00
 217     2.106 56802.34003869 38.26 285.268531  10.862060  6.495 -100.00 -100.00 -100.00
 217     2.233 56802.34003928 36.37 285.269464  10.864552   -100 -100.00 -100.00 -100.00
 217     1.936 56802.34003987 35.58 285.270396  10.867043   -100 -100.00 -100.00 -100.00
 218     2.211 56812.25568122 31.70 285.268736  10.859450 29.865 -100.00 -100.00 -100.00
 218     2.131 56812.25568181 35.08 285.269668  10.861942   -100 -100.00 -100.00 -100.00
 218     2.323 56812.25568240 37.44 285.270600  10.864434   -100 -100.00 -100.00 -100.00
 218     2.009 56812.25568299 37.47 285.271532  10.866925   -100 -100.00 -100.00 -100.00
 218     2.151 56812.25568358 38.49 285.272464  10.869417  2.731 -100.00 -100.00 -100.00
 219     2.398 56822.17132162 38.06 285.273031  10.863544   -100 -100.00 -100.00 -100.00
 219     2.319 56822.17132221 39.80 285.273963  10.866036   -100 -100.00 -100.00 -100.00
 219     2.123 56822.17132281 39.34 285.274895  10.868527 13.955 -100.00 -100.00 -100.00
 220     1.855 56832.08695728 33.10 285.277082  10.864592   -100 -100.00 -100.00 -100.00
 220     2.060 56832.08695787 29.62 285.278014  10.867083 29.562 -100.00 -100.00 -100.00
 220     2.005 56832.08695846 32.50 285.278947  10.869575   -100 -100.00 -100.00 -100.00
 221     1.970 56842.00259007 31.20 285.282013  10.866934 29.884 -100.00 -100.00 -100.00
 221     2.172 56842.00259066 33.04 285.282945  10.869425   -100 -100.00 -100.00 -100.00
 221     1.976 56842.00259125 35.82 285.283878  10.871917   -100 -100.00 -100.00 -100.00
 221     1.678 56842.00259184 27.23 285.284810  10.874408 20.524 -100.00 -100.00 -100.00
 222     1.862 56851.91822886 30.25 285.283268  10.867040 26.416 -100.00 -100.00 -100.00
 222     1.520 56851.91822945 31.30 285.284200  10.869532   -100 -100.00 -100.00 -100.00
 222     1.661 56851.91823004 31.83 285.285132  10.872023   -100 -100.00 -100.00 -100.00
 223     1.368 56861.83388257 30.68 285.278856  10.865082   -100 -100.00 -100.00 -100.00
 223     1.520 56861.83388316 31.33 285.279788  10.867573   -100 -100.00 -100.00 -100.00
 223     1.620 56861.83388375 32.33 285.280720  10.870065   -100 -100.00 -100.00 -100.00
 223     1.478 56861.83388434 27.88 285.281652  10.872556 27.501 -100.00 -100.00 -100.00
 224     1.932 56871.74953600 32.14 285.276004  10.863510 25.608 -100.00 -100.00 -100.00
 224     1.404 56871.74953659 35.42 285.276936  10.866001   -100 -100.00 -100.00 -100.00
 224     1.488 56871.74953718 40.21 285.277868  10.868493 16.642 -100.00 -100.00 -100.00
 224     1.572 56871.74953777 28.48 285.278800  10.870984 29.026 -100.00 -100.00 -100.00
 225     2.531 56881.66518673 40.05 285.274664  10.862779 17.109 -100.00 -100.00 -100.00
 225     1.613 56881.66518732 40.85 285.275596  10.865270   -100 -100.00 -100.00 -100.00
 225     1.361 56881.66518791 47.50 285.276528  10.867762 23.800 -100.00 -100.00 -100.00
 225     1.551 56881.66518850 44.47 285.277460  10.870253  8.310 -100.00 -100.00 -100.00
 226     1.641 56891.58083378 41.12 285.273500  10.862234   -100 -100.00 -100.00 -100.00
 226     1.739 56891.58083437 41.78 285.274432  10.864726   -100 -100.00 -100.00 -100.00
 226     1.525 56891.58083496 45.13 285.275364  10.867217   -100 -100.00 -100.00 -100.00
 226     1.912 56891.58083555 47.21 285.276296  10.869709   -100 -100.00 -100.00 -100.00
 227     1.636 56901.49647760 34.37 285.271512  10.861868   -100 -100.00 -100.00 -100.00
 227     1.717 56901.49647819 36.35 285.272444  10.864360   -100 -100.00 -100.00 -100.00
 227     1.832 56901.49647878 36.05 285.273376  10.866851   -100 -100.00 -100.00 -100.00
 227     1.832 56901.49647937 35.14 285.274308  10.869343   -100 -100.00 -100.00 -100.00
 228     2.170 56911.41211863 43.13 285.268398  10.858960   -100 -100.00 -100.00 -100.00
 228     1.844 56911.41211922 45.32 285.269330  10.861451  0.257 -100.00 -100.00 -100.00
 228     1.634 56911.41211981 36.71 285.270262  10.863942   -100 -100.00 -100.00 -100.00
 228     1.566 56911.41212040 36.10 285.271194  10.866434   -100 -100.00 -100.00 -100.00
 228     1.584 56911.41212100 37.03 285.272126  10.868925   -100 -100.00 -100.00 -100.00
 229     1.999 56921.32775905 38.13 285.269452  10.859851 32.507 -100.00 -100.00 -100.00
 229     1.801 56921.32775964 38.93 285.270383  10.862342   -100 -100.00 -100.00 -100.00
 229     1.625 56921.32776023 37.99 285.271315  10.864833   -100 -100.00 -100.00 -100.00
 229     1.718 56921.32776082 43.25 285.272247  10.867325  8.813 -100.00 -100.00 -100.00
 229     1.689 56921.32776141 41.22 285.273179  10.869816  5.011 -100.00 -100.00 -100.00
 230     2.174 56931.24339799 37.88 285.274209  10.862649   -100 -100.00 -100.00 -100.00
 230     1.905 56931.24339858 38.27 285.275141  10.865141   -100 -100.00 -100.00 -100.00
 230     2.095 56931.24339917 37.07 285.276073  10.867632   -100 -100.00 -100.00 -100.00
 230     1.781 56931.24339976 33.66 285.277005  10.870124   -100 -100.00 -100.00 -100.00
 231     1.855 56941.15903257 38.84 285.281747  10.867552   -100 -100.00 -100.00 -100.00
 231     2.070 56941.15903316 39.83 285.282679  10.870043   -100 -100.00 -100.00 -100.00
 231     2.507 56941.15903375 42.00 285.283611  10.872535 29.117 -100.00 -100.00 -100.00
 232     2.387 56951.07467357 38.76 285.284629  10.869096   -100 -100.00 -100.00 -100.00
 232     2.437 56951.07467416 42.96 285.285561  10.871587   -100 -100.00 -100.00 -100.00
 233     3.030 56960.99032424 39.86 285.279997  10.866797 26.067 -100.00 -100.00 -100.00
 233     2.339 56960.99032483 46.53 285.280929  10.869289 24.707 -100.00 -100.00 -100.00
 233     2.126 56960.99032542 38.58 285.281861  10.871780   -100 -100.00 -100.00 -100.00
 233     2.305 56960.99032601 34.39 285.282793  10.874271   -100 -100.00 -100.00 -100.00
 234     2.409 56970.90597028 41.07 285.276098  10.864594   -100 -100.00 -100.00 -100.00
 234     2.270 56970.90597087 38.22 285.277030  10.867086   -100 -100.00 -100.00 -100.00
 234     2.333 56970.90597146 35.55 285.277962  10.869577   -100 -100.00 -100.00 -100.00
 235     2.739 56980.82161300 38.15 285.275500  10.863307 32.733 -100.00 -100.00 -100.00
 235     2.370 56980.82161359 40.22 285.276432  10.865798 12.483 -100.00 -100.00 -100.00
 235     2.590 56980.82161418 36.06 285.277364  10.868290   -100 -100.00 -100.00 -100.00
 235     2.281 56980.82161477 33.49 285.278296  10.870781   -100 -100.00 -100.00 -100.00
 236     2.730 56990.73725257 41.09 285.279333  10.865907   -100 -100.00 -100.00 -100.00
 236     2.808 56990.73725316 42.73 285.280265  10.868399   -100 -100.00 -100.00 -100.00
 236     2.477 56990.73725375 41.10 285.281197  10.870891 20.407 -100.00 -100.00 -100.00
 236     2.640 56990.73725434 31.10 285.282129  10.873382 24.615 -100.00 -100.00 -100.00
 237     3.347 57000.65288620 40.92 285.286252  10.869306 20.555 -100.00 -100.00 -100.00
 237     2.627 57000.65288679 45.04 285.287185  10.871798   -100 -100.00 -100.00 -100.00
 238     2.511 57010.56854222 43.30 285.282230  10.868378   -100 -100.00 -100.00 -100.00
 238     2.711 57010.56854281 43.72 285.283162  10.870869   -100 -100.00 -100.00 -100.00
 238     2.512 57010.56854340 38.24 285.284095  10.873361 30.476 -100.00 -100.00 -100.00
 239     2.227 57020.48419349 41.34 285.277844  10.865498 20.117 -100.00 -100.00 -100.00
 239     2.451 57020.48419408 37.48 285.278777  10.867990   -100 -100.00 -100.00 -100.00
 239     2.122 57020.48419467 37.19 285.279709  10.870482   -100 -100.00 -100.00 -100.00
 240     2.039 57030.39984178 36.08 285.274660  10.863500   -100 -100.00 -100.00 -100.00
 240     1.916 57030.39984237 34.63 285.275592  10.865991   -100 -100.00 -100.00 -100.00
 240     1.605 57030.39984296 35.34 285.276524  10.868483   -100 -100.00 -100.00 -100.00
 240     1.691 57030.39984355 29.72 285.277456  10.870975 25.353 -100.00 -100.00 -100.00
 241     1.908 57040.31548852 33.47 285.273670  10.862891 32.369 -100.00 -100.00 -100.00
 241     1.658 57040.31548911 38.31 285.274602  10.865383  3.878 -100.00 -100.00 -100.00
 241     1.793 57040.31548970 28.46 285.275534  10.867875 23.098 -100.00 -100.00 -100.00
 241     1.498 57040.31549029 30.40 285.276466  10.870367 30.228 -100.00 -100.00 -100.00
 242     1.827 57050.23113353 34.54 285.274947  10.863647   -100 -100.00 -100.00 -100.00
 242     1.676 57050.23113412 31.12 285.275879  10.866139   -100 -100.00 -100.00 -100.00
 242     1.361 57050.23113471 32.90 285.276811  10.868630   -100 -100.00 -100.00 -100.00
 243     1.491 57060.14677491 33.50 285.278376  10.865443   -100 -100.00 -100.00 -100.00
 243     1.311 57060.14677550 31.73 285.279309  10.867934   -100 -100.00 -100.00 -100.00
 243     1.343 57060.14677609 31.74 285.280241  10.870426   -100 -100.00 -100.00 -100.00
 244     1.728 57070.06241066 31.09 285.281851  10.866844   -100 -100.00 -100.00 -100.00
 244     1.518 57070.06241125 34.64 285.282783  10.869336   -100 -100.00 -100.00 -100.00
 244     1.576 57070.06241184 30.95 285.283715  10.871828   -100 -100.00 -100.00 -100.00
 244     1.435 57070.06241243 27.18 285.284647  10.874320 22.445 -100.00 -100.00 -100.00
 245     1.619 57079.97804223 32.19 285.284480  10.868130   -100 -100.00 -100.00 -100.00
 245     1.381 57079.97804282 34.65 285.285413  10.870621  1.382 -100.00 -100.00 -100.00
 245     1.299 57079.97804341 27.12 285.286345  10.873113 22.636 -100.00 -100.00 -100.00
 246     1.263 57089.89368171 31.36 285.283986  10.868791   -100 -100.00 -100.00 -100.00
 246     1.339 57089.89368230 25.35 285.284918  10.871283 17.622 -100.00 -100.00 -100.00
 246     1.285 57089.89368289 29.42 285.285851  10.873775 31.733 -100.00 -100.00 -100.00
 247     1.217 57099.80933880 31.45 285.277477  10.865825   -100 -100.00 -100.00 -100.00
 247     1.359 57099.80933939 31.04 285.278409  10.868317   -100 -100.00 -100.00 -100.00
 247     1.040 57099.80933998 30.75 285.279342  10.870808   -100 -100.00 -100.00 -100.00
 248     1.699 57109.72499337 29.22 285.274643  10.863878 25.961 -100.00 -100.00 -100.00
 248     1.778 57109.72499396 32.42 285.275575  10.866370 31.360 -100.00 -100.00 -100.00
 248     1.585 57109.72499455 34.35 285.276507  10.868862   -100 -100.00 -100.00 -100.00
 249     1.764 57119.64064343 30.46 285.275970  10.865043 28.658 -100.00 -100.00 -100.00
 249     1.613 57119.64064402 32.27 285.276902  10.867535   -100 -100.00 -100.00 -100.00
 249     1.414 57119.64064461 30.36 285.277834  10.870027   -100 -100.00 -100.00 -100.00
 250     1.917 57129.55628705 42.81 285.276664  10.864826   -100 -100.00 -100.00 -100.00
 250     2.455 57129.55628764 45.28 285.277596  10.867318 20.294 -100.00 -100.00 -100.00
 250     1.483 57129.55628823 52.63 285.278529  10.869810 27.596 -100.00 -100.00 -100.00
 251     2.926 57139.47192518 38.15 285.277405  10.865484 17.550 -100.00 -100.00 -100.00
 251     2.138 57139.47192577 42.96 285.278338  10.867976   -100 -100.00 -100.00 -100.00
 251     1.834 57139.47192636 39.06 285.279270  10.870468   -100 -100.00 -100.00 -100.00
 252     2.067 57149.38755937 39.05 285.278818  10.865497 26.234 -100.00 -100.00 -100.00
 252     1.845 57149.38755996 42.35 285.279750  10.867989   -100 -100.00 -100.00 -100.00
 252     2.403 57149.38756055 44.18 285.280682  10.870480 30.326 -100.00 -100.00 -100.00
 252     2.194 57149.38756114 46.47 285.281614  10.872972   -100 -100.00 -100.00 -100.00
 253     2.084 57159.30319116 37.32 285.283255  10.866954 28.787 -100.00 -100.00 -100.00
 253     1.732 57159.30319175 39.10 285.284188  10.869445   -100 -100.00 -100.00 -100.00
 253     1.993 57159.30319234 41.98 285.285120  10.871937   -100 -100.00 -100.00 -100.00
 254     2.137 57169.21884139 33.39 285.282998  10.867547 29.867 -100.00 -100.00 -100.00
 254     2.278 57169.21884198 35.33 285.283930  10.870039 28.633 -100.00 -100.00 -100.00
 254     1.557 57169.21884257 41.40 285.284862  10.872530 24.605 -100.00 -100.00 -100.00
 255     2.040 57179.13449625 35.96 285.280743  10.866547   -100 -100.00 -100.00 -100.00
 255     1.859 57179.13449684 39.29 285.281675  10.869039   -100 -100.00 -100.00 -100.00
 255     2.071 57179.13449743 36.92 285.282608  10.871530 30.900 -100.00 -100.00 -100.00
 255     1.784 57179.13449802 36.98 285.283540  10.874022   -100 -100.00 -100.00 -100.00
 256     2.040 57189.05014735 36.67 285.278882  10.866523   -100 -100.00 -100.00 -100.00
 256     1.767 57189.05014794 38.25 285.279814  10.869014 10.809 -100.00 -100.00 -100.00
 256     1.934 57189.05014853 36.33 285.280747  10.871506   -100 -100.00 -100.00 -100.00
 257     1.651 57198.96579459 31.37 285.276587  10.865282   -100 -100.00 -100.00 -100.00
 257     1.722 57198.96579518 32.56 285.277519  10.867774   -100 -100.00 -100.00 -100.00
 257     1.435 57198.96579577 31.23 285.278451  10.870265   -100 -100.00 -100.00 -100.00
 258     1.627 57208.88142855 29.01 285.274984  10.864309   -100 -100.00 -100.00 -100.00
 258     1.741 57208.88142914 30.61 285.275916  10.866800 30.823 -100.00 -100.00 -100.00
 258     1.359 57208.88142973 30.29 285.276848  10.869292   -100 -100.00 -100.00 -100.00
 259     1.428 57218.79707315 29.18 285.275157  10.864328   -100 -100.00 -100.00 -100.00
 259     1.526 57218.79707374 30.73 285.276089  10.866820 32.026 -100.00 -100.00 -100.00
 259     1.216 57218.79707433 32.67 285.277021  10.869311   -100 -100.00 -100.00 -100.00
 260     1.473 57228.71271722 33.41 285.277180  10.865746   -100 -100.00 -100.00 -100.00
 260     1.628 57228.71271781 36.56 285.278112  10.868237   -100 -100.00 -100.00 -100.00
 260     1.372 57228.71271840 33.15 285.279044  10.870729   -100 -100.00 -100.00 -100.00
 261     1.380 57238.62835873 30.85 285.279030  10.865526   -100 -100.00 -100.00 -100.00
 261     1.440 57238.62835932 29.03 285.279962  10.868018   -100 -100.00 -100.00 -100.00
 261     1.477 57238.62835991 29.24 285.280894  10.870509   -100 -100.00 -100.00 -100.00
 261     1.487 57238.62836050 32.16 285.281826  10.873000   -100 -100.00 -100.00 -100.00
 262     1.519 57248.54399753 36.36 285.281784  10.867655   -100 -100.00 -100.00 -100.00
 262     1.444 57248.54399812 37.60 285.282716  10.870147   -100 -100.00 -100.00 -100.00
 262     1.620 57248.54399871 38.59 285.283648  10.872638   -100 -100.00 -100.00 -100.00
 263     1.673 57258.45963311 34.60 285.283222  10.867866 26.716 -100.00 -100.00 -100.00
 263     1.510 57258.45963370 35.30 285.284154  10.870358   -100 -100.00 -100.00 -100.00
 263     1.900 57258.45963429 39.21 285.285086  10.872849 31.002 -100.00 -100.00 -100.00
 264     2.365 57268.37526747 34.65 285.284929  10.868926 22.952 -100.00 -100.00 -100.00
 264     2.206 57268.37526807 37.38 285.285861  10.871417 28.577 -100.00 -100.00 -100.00
 265     1.973 57278.29091579 31.17 285.282514  10.867339   -100 -100.00 -100.00 -100.00
 265     1.854 57278.29091638 32.61 285.283446  10.869830 32.527 -100.00 -100.00 -100.00
 265     1.566 57278.29091697 33.49 285.284378  10.872322   -100 -100.00 -100.00 -100.00
 266     1.671 57288.20657106 32.16 285.279996  10.865866   -100 -100.00 -100.00 -100.00
 266     1.633 57288.20657165 32.11 285.280928  10.868358   -100 -100.00 -100.00 -100.00
 266     1.443 57288.20657224 36.80 285.281860  10.870849  7.457 -100.00 -100.00 -100.00
 266     1.504 57288.20657283 35.77 285.282792  10.873340  1.719 -100.00 -100.00 -100.00
 267     1.576 57298.12222414 31.93 285.279095  10.866715   -100 -100.00 -100.00 -100.00
 267     1.675 57298.12222473 36.42 285.280027  10.869207   -100 -100.00 -100.00 -100.00
 267     1.859 57298.12222532 36.53 285.280959  10.871698 31.602 -100.00 -100.00 -100.00
 268     1.491 57308.03787306 35.31 285.277335  10.864312   -100 -100.00 -100.00 -100.00
 268     1.710 57308.03787365 37.64 285.278267  10.866804   -100 -100.00 -100.00 -100.00
 268     1.435 57308.03787424 39.40 285.279199  10.869295  1.214 -100.00 -100.00 -100.00
 268     1.614 57308.03787483 41.43 285.280131  10.871786   -100 -100.00 -100.00 -100.00
 269     1.716 57317.95351890 33.29 285.274901  10.863762   -100 -100.00 -100.00 -100.00
 269     1.776 57317.95351949 35.43 285.275833  10.866254   -100 -100.00 -100.00 -100.00
 269     1.931 57317.95352008 37.34 285.276765  10.868745   -100 -100.00 -100.00 -100.00
 270     1.766 57327.86916180 34.42 285.272499  10.863117   -100 -100.00 -100.00 -100.00
 270     1.838 57327.86916239 39.04 285.273431  10.865608   -100 -100.00 -100.00 -100.00
 270     1.580 57327.86916298 37.02 285.274363  10.868100   -100 -100.00 -100.00 -100.00
 271     2.020 57337.78480276 35.77 285.272288  10.861896   -100 -100.00 -100.00 -100.00
 271     2.144 57337.78480335 36.72 285.273220  10.864387   -100 -100.00 -100.00 -100.00
 271     1.773 57337.78480394 38.51 285.274152  10.866879  8.710 -100.00 -100.00 -100.00
 271     1.787 57337.78480453 39.99 285.275084  10.869370 19.389 -100.00 -100.00 -100.00
 272     1.957 57347.70045163 37.48 285.272348  10.862376   -100 -100.00 -100.00 -100.00
 272     1.803 57347.70045222 39.52 285.273280  10.864868   -100 -100.00 -100.00 -100.00
 272     2.088 57347.70045281 40.82 285.274212  10.867359   -100 -100.00 -100.00 -100.00
 272     1.783 57347.70045340 39.89 285.275144  10.869851  6.929 -100.00 -100.00 -100.00
 273     2.143 57357.61609907 34.68 285.273622  10.863386 30.710 -100.00 -100.00 -100.00
 273     2.137 57357.61609966 36.40 285.274554  10.865877   -100 -100.00 -100.00 -100.00
 273     1.968 57357.61610025 39.29 285.275486  10.868369   -100 -100.00 -100.00 -100.00
 274     1.763 57367.53174297 41.00 285.274934  10.864057   -100 -100.00 -100.00 -100.00
 274     1.819 57367.53174356 41.17 285.275866  10.866548   -100 -100.00 -100.00 -100.00
 274     1.563 57367.53174415 46.02 285.276799  10.869040 26.165 -100.00 -100.00 -100.00
 275     1.624 57377.44738318 31.24 285.275416  10.863480 32.727 -100.00 -100.00 -100.00
 275     1.359 57377.44738378 31.50 285.276349  10.865971   -100 -100.00 -100.00 -100.00
 275     1.509 57377.44738437 34.54 285.277281  10.868463   -100 -100.00 -100.00 -100.00
 275     1.629 57377.44738496 34.81 285.278213  10.870955   -100 -100.00 -100.00 -100.00
 276     1.288 57387.36302217 27.91 285.277873  10.866178 28.174 -100.00 -100.00 -100.00
 276     1.420 57387.36302276 30.25 285.278805  10.868670   -100 -100.00 -100.00 -100.00
 276     1.489 57387.36302335 30.66 285.279737  10.871162 28.199 -100.00 -100.00 -100.00
 277     1.011 57397.27865972 28.12 285.280644  10.866072 29.962 -100.00 -100.00 -100.00
 277     1.371 57397.27866031 29.01 285.281576  10.868563 29.390 -100.00 -100.00 -100.00
 277     1.054 57397.27866090 30.70 285.282508  10.871055   -100 -100.00 -100.00 -100.00
 277     1.208 57397.27866150 31.60 285.283440  10.873547   -100 -100.00 -100.00 -100.00
 278     1.300 57407.19429654 27.94 285.285225  10.867998 26.230 -100.00 -100.00 -100.00
 278     1.216 57407.19429713 30.55 285.286157  10.870490 30.811 -100.00 -100.00 -100.00
 278     0.966 57407.19429772 32.75 285.287089  10.872981   -100 -100.00 -100.00 -100.00
 279     1.141 57417.10994799 28.04 285.283632  10.868523 27.889 -100.00 -100.00 -100.00
 279     1.248 57417.10994858 27.42 285.284564  10.871015 26.003 -100.00 -100.00 -100.00
 279     1.041 57417.10994917 28.53 285.285497  10.873507   -100 -100.00 -100.00 -100.00
 280     0.986 57427.02559824 30.54 285.280229  10.867106   -100 -100.00 -100.00 -100.00
 280     0.933 57427.02559883 30.61 285.281161  10.869597   -100 -100.00 -100.00 -100.00
 280     0.871 57427.02559942 32.73 285.282093  10.872089   -100 -100.00 -100.00 -100.00
 280     0.890 57427.02560001 32.10 285.283026  10.874581   -100 -100.00 -100.00 -100.00
 281     1.292 57436.94124574 26.84 285.276082  10.865146 27.686 -100.00 -100.00 -100.00
 281     1.317 57436.94124633 28.08 285.277014  10.867637 31.779 -100.00 -100.00 -100.00
 281     1.011 57436.94124692 30.11 285.277947  10.870129   -100 -100.00 -100.00 -100.00
 282     1.294 57446.85689206 27.36 285.273374  10.863571 22.913 -100.00 -100.00 -100.00
 282     1.256 57446.85689265 29.48 285.274306  10.866063 28.582 -100.00 -100.00 -100.00
 282     1.266 57446.85689324 25.10 285.275238  10.868555 20.089 -100.00 -100.00 -100.00
 283     1.247 57456.77253773 27.82 285.272559  10.862312 31.564 -100.00 -100.00 -100.00
 283     1.209 57456.77253832 29.37 285.273491  10.864804 27.677 -100.00 -100.00 -100.00
 283     1.114 57456.77253891 30.40 285.274423  10.867296   -100 -100.00 -100.00 -100.00
 283     1.403 57456.77253950 27.62 285.275355  10.869788 30.007 -100.00 -100.00 -100.00
 284     1.444 57466.68818165 29.16 285.274800  10.863139 22.325 -100.00 -100.00 -100.00
 284     1.205 57466.68818224 30.35 285.275732  10.865631   -100 -100.00 -100.00 -100.00
 284     1.200 57466.68818284 31.62 285.276664  10.868123   -100 -100.00 -100.00 -100.00
 284     1.159 57466.68818343 34.66 285.277596  10.870615  0.435 -100.00 -100.00 -100.00
 285     1.352 57476.60382242 37.99 285.279828  10.866875   -100 -100.00 -100.00 -100.00
 285     1.286 57476.60382301 40.09 285.280760  10.869367   -100 -100.00 -100.00 -100.00
 285     1.065 57476.60382360 42.56 285.281693  10.871859  6.084 -100.00 -100.00 -100.00
 285     1.356 57476.60382419 43.50 285.282625  10.874351   -100 -100.00 -100.00 -100.00
 286     1.445 57486.51945906 35.72 285.283180  10.868428 31.866 -100.00 -100.00 -100.00
 286     1.239 57486.51945966 37.41 285.284112  10.870919   -100 -100.00 -100.00 -100.00
 286     1.982 57486.51946025 40.27 285.285045  10.873411 22.297 -100.00 -100.00 -100.00
 287     1.603 57496.43509298 37.22 285.285734  10.869984   -100 -100.00 -100.00 -100.00
 287     2.350 57496.43509357 40.35 285.286667  10.872476 19.439 -100.00 -100.00 -100.00
 289     1.693 57516.26638324 39.47 285.281516  10.866984   -100 -100.00 -100.00 -100.00
 289     2.465 57516.26638383 40.10 285.282448  10.869475 24.383 -100.00 -100.00 -100.00
 289     2.107 57516.26638442 41.41 285.283380  10.871967   -100 -100.00 -100.00 -100.00
 289     1.750 57516.26638501 46.87 285.284312  10.874459 30.734 -100.00 -100.00 -100.00
 290     1.740 57526.18203608 40.59 285.279767  10.866652 15.313 -100.00 -100.00 -100.00
 290     1.951 57526.18203667 44.36 285.280699  10.869143  1.103 -100.00 -100.00 -100.00
 290     1.992 57526.18203726 43.26 285.281631  10.871635   -100 -100.00 -100.00 -100.00
 290     1.763 57526.18203785 40.91 285.282564  10.874127   -100 -100.00 -100.00 -100.00
 291     1.839 57536.09768675 36.96 285.279436  10.866863   -100 -100.00 -100.00 -100.00
 291     1.565 57536.09768734 42.70 285.280368  10.869355 19.661 -100.00 -100.00 -100.00
 291     1.784 57536.09768793 42.27 285.281301  10.871846   -100 -100.00 -100.00 -100.00
 292     1.878 57546.01333437 34.84 285.277991  10.865535   -100 -100.00 -100.00 -100.00
 292     1.579 57546.01333496 37.90 285.278923  10.868026 10.582 -100.00 -100.00 -100.00
 292     1.785 57546.01333555 35.22 285.279855  10.870518   -100 -100.00 -100.00 -100.00
 293     1.837 57555.92898037 32.28 285.276038  10.863996 28.986 -100.00 -100.00 -100.00
 293     1.620 57555.92898096 34.78 285.276970  10.866488   -100 -100.00 -100.00 -100.00
 293     1.848 57555.92898155 33.62 285.277903  10.868979   -100 -100.00 -100.00 -100.00
 294     1.931 57565.84462595 34.46 285.275784  10.865254   -100 -100.00 -100.00 -100.00
 294     1.815 57565.84462654 35.64 285.276717  10.867746   -100 -100.00 -100.00 -100.00
 294     1.524 57565.84462714 38.50 285.277649  10.870237 14.506 -100.00 -100.00 -100.00
 295     2.215 57575.76027069 41.11 285.276065  10.865173 25.161 -100.00 -100.00 -100.00
 295     1.661 57575.76027128 45.44 285.276997  10.867664  2.089 -100.00 -100.00 -100.00
 295     1.526 57575.76027187 48.79 285.277929  10.870156 21.705 -100.00 -100.00 -100.00
 296     1.717 57585.67591483 43.16 285.277253  10.865957   -100 -100.00 -100.00 -100.00
 296     1.803 57585.67591542 47.48 285.278185  10.868449   -100 -100.00 -100.00 -100.00
 296     1.514 57585.67591601 50.61 285.279117  10.870941 30.496 -100.00 -100.00 -100.00
 297     1.734 57595.59155652 32.40 285.277986  10.865702   -100 -100.00 -100.00 -100.00
 297     1.523 57595.59155711 34.57 285.278918  10.868193   -100 -100.00 -100.00 -100.00
 297     1.661 57595.59155770 37.39 285.279850  10.870685  4.658 -100.00 -100.00 -100.00
